==============================================================================================================
CURRENT BARS
==============================================================================================================
Rows: 266,510
Period: 2016-01-03 22:00:00+00:00 -> 2026-09-07 01:30:00+00:00

==============================================================================================================
RAW SOURCE FOUND
==============================================================================================================
Variable: bars_raw
Rows: 275,704
Period: 2016-01-03 22:00:00+00:00 -> 2026-09-07 01:30:00+00:00

==============================================================================================================
RAW GRID DECOMPOSITION
==============================================================================================================
Raw rows: 275,704
Exact 15m rows: 266,509
Off-grid rows: 9,195
Off-grid ratio: 3.335%

==============================================================================================================
CONFLICTING EXACT-GRID DUPLICATES
==============================================================================================================
No data

==============================================================================================================
INVALID OHLC ROWS
==============================================================================================================
No data

==============================================================================================================
CURRENT BARS — MOVES > 2%
==============================================================================================================

                              open     high         low       close  close_to_close_return  open_gap_return  bar_return  intrabar_range             source  max_abs_move
timestamp
2025-01-08 14:15:00+00:00  158.255  158.433  141.671166  141.758984               0.000540         0.116970   -0.104237        0.118315  CURRENT_RESAMPLED      0.118315
2025-01-08 14:00:00+00:00  158.217  158.272  141.529377  141.682447              -0.000314         0.116351   -0.104506        0.118298  CURRENT_RESAMPLED      0.118298
2025-01-08 14:30:00+00:00  158.416  158.463  141.744228  141.774228               0.000108         0.117502   -0.105051        0.117950  CURRENT_RESAMPLED      0.117950
2025-01-08 13:30:00+00:00  158.329  158.372  141.727365  141.797952               0.000766         0.117437   -0.104409        0.117441  CURRENT_RESAMPLED      0.117441
2025-01-08 13:45:00+00:00  158.289  158.331  141.692475  141.726922              -0.000501         0.116300   -0.104632        0.117427  CURRENT_RESAMPLED      0.117427
2025-01-08 13:00:00+00:00  158.505  158.505  141.853033  141.895652              -0.001026         0.115908   -0.104788        0.117389  CURRENT_RESAMPLED      0.117389
2025-01-08 12:45:00+00:00  158.479  158.527  142.011336  142.041336              -0.002118         0.113362   -0.103721        0.116298  CURRENT_RESAMPLED      0.116298
2025-01-09 18:00:00+00:00  158.106  158.162  141.727050  141.830871               0.000192         0.114964   -0.102938        0.115962  CURRENT_RESAMPLED      0.115962
2025-01-09 20:45:00+00:00  158.084  158.124  141.722363  141.752363               0.000007         0.115220   -0.103310        0.115731  CURRENT_RESAMPLED      0.115731
2025-01-09 20:30:00+00:00  158.099  158.112  141.721363  141.751363              -0.002107         0.112976   -0.103401        0.115654  CURRENT_RESAMPLED      0.115654
2025-01-08 15:45:00+00:00  158.365  158.418  142.013645  142.043645               0.000017         0.114923   -0.103062        0.115513  CURRENT_RESAMPLED      0.115513
2025-01-08 15:00:00+00:00  158.349  158.350  141.971320  142.132307               0.000871         0.115067   -0.102411        0.115366  CURRENT_RESAMPLED      0.115366
2025-01-09 21:15:00+00:00  158.100  158.111  141.768363  141.822580              -0.000437         0.114286   -0.102956        0.115277  CURRENT_RESAMPLED      0.115277
2025-01-08 16:00:00+00:00  158.371  158.441  142.087632  142.362495               0.002245         0.114946   -0.101082        0.115094  CURRENT_RESAMPLED      0.115094
2025-01-09 19:30:00+00:00  158.090  158.121  141.870732  142.060757               0.001115         0.114075   -0.101393        0.114543  CURRENT_RESAMPLED      0.114543
2025-01-08 12:30:00+00:00  158.447  158.547  142.312788  142.342788              -0.000895         0.112140   -0.101638        0.114074  CURRENT_RESAMPLED      0.114074
2025-01-09 19:45:00+00:00  158.106  158.122  141.937002  141.967002              -0.000660         0.112946   -0.102077        0.114029  CURRENT_RESAMPLED      0.114029
2025-01-08 17:45:00+00:00  158.465  158.483  142.261174  142.291174              -0.001168         0.112367   -0.102066        0.114028  CURRENT_RESAMPLED      0.114028
2025-01-09 18:30:00+00:00  158.107  158.109  142.013614  142.259094               0.002223         0.113872   -0.100235        0.113337  CURRENT_RESAMPLED      0.113872
2025-01-10 13:30:00+00:00  157.954  158.877  142.640753  142.670753              -0.001968         0.104944   -0.096758        0.113826  CURRENT_RESAMPLED      0.113826
2025-01-08 11:30:00+00:00  158.447  158.550  142.383630  142.460776               0.000002         0.112217   -0.100893        0.113541  CURRENT_RESAMPLED      0.113541
2025-01-09 17:30:00+00:00  158.120  158.134  142.018913  142.048913              -0.000089         0.113039   -0.101639        0.113471  CURRENT_RESAMPLED      0.113471
2025-01-09 17:15:00+00:00  158.049  158.131  142.031541  142.061541              -0.000578         0.111896   -0.101155        0.113351  CURRENT_RESAMPLED      0.113351
2025-01-08 17:30:00+00:00  158.392  158.495  142.370716  142.457526              -0.000326         0.111492   -0.100602        0.113256  CURRENT_RESAMPLED      0.113256
2025-01-10 00:30:00+00:00  158.148  158.204  142.121017  142.162696               0.000189         0.112654   -0.101078        0.113164  CURRENT_RESAMPLED      0.113164
2025-01-10 00:00:00+00:00  158.040  158.227  142.158655  142.188655              -0.000025         0.111453   -0.100300        0.113031  CURRENT_RESAMPLED      0.113031
2025-01-10 00:45:00+00:00  158.151  158.203  142.152924  142.424080               0.001839         0.112465   -0.099442        0.112907  CURRENT_RESAMPLED      0.112907
2025-01-09 21:45:00+00:00  158.120  158.146  142.152135  142.354847               0.001927         0.112886   -0.099704        0.112512  CURRENT_RESAMPLED      0.112886
2025-01-08 16:15:00+00:00  158.400  158.413  142.354155  142.550083               0.001318         0.112653   -0.100063        0.112809  CURRENT_RESAMPLED      0.112809
2025-01-08 17:15:00+00:00  158.380  158.439  142.398996  142.503975              -0.000171         0.111217   -0.100240        0.112641  CURRENT_RESAMPLED      0.112641
2025-01-09 22:15:00+00:00  158.068  158.184  142.177068  142.254093               0.000101         0.111279   -0.100045        0.112584  CURRENT_RESAMPLED      0.112584
2025-01-09 19:00:00+00:00  158.072  158.095  142.128204  142.158204              -0.001012         0.110819   -0.100674        0.112341  CURRENT_RESAMPLED      0.112341
2025-01-09 17:00:00+00:00  158.013  158.059  142.113674  142.143674              -0.000545         0.111037   -0.100431        0.112201  CURRENT_RESAMPLED      0.112201
2025-01-09 23:45:00+00:00  158.112  158.112  142.162212  142.192212               0.000206         0.112189   -0.100687        0.112194  CURRENT_RESAMPLED      0.112194
2025-01-09 23:15:00+00:00  158.067  158.093  142.152420  142.199370              -0.000745         0.110759   -0.100385        0.112137  CURRENT_RESAMPLED      0.112137
2025-01-09 22:00:00+00:00  158.040  158.072  142.182973  142.239761              -0.000808         0.110183   -0.099976        0.111751  CURRENT_RESAMPLED      0.111751
2025-01-08 16:45:00+00:00  158.355  158.414  142.496872  142.553156               0.000368         0.111258   -0.099787        0.111702  CURRENT_RESAMPLED      0.111702
2025-01-08 17:00:00+00:00  158.320  158.401  142.498393  142.528393              -0.000174         0.110603   -0.099745        0.111599  CURRENT_RESAMPLED      0.111599
2025-01-09 22:45:00+00:00  158.129  158.174  142.343962  142.543993               0.001326         0.110806   -0.098559        0.111210  CURRENT_RESAMPLED      0.111210
2025-01-09 10:00:00+00:00  158.082  158.101  142.291323  142.389020              -0.000456         0.109706   -0.099271        0.111108  CURRENT_RESAMPLED      0.111108
2025-01-07 15:15:00+00:00  158.329  158.339  142.556121  142.758951               0.000989         0.110163   -0.098340        0.110713  CURRENT_RESAMPLED      0.110713
2025-01-10 01:00:00+00:00  157.999  158.083  142.333543  142.477351               0.000374         0.109356   -0.098239        0.110652  CURRENT_RESAMPLED      0.110652
2025-01-09 09:45:00+00:00  158.102  158.115  142.393789  142.453981              -0.000217         0.109606   -0.098974        0.110407  CURRENT_RESAMPLED      0.110407
2025-01-08 18:15:00+00:00  158.429  158.450  142.710143  142.813919               0.000385         0.109766   -0.098562        0.110292  CURRENT_RESAMPLED      0.110292
2025-01-08 10:45:00+00:00  158.305  158.347  142.624799  142.794736               0.000290         0.108941   -0.097977        0.110235  CURRENT_RESAMPLED      0.110235
2025-01-10 14:00:00+00:00  158.550  158.653  142.947877  143.009670              -0.000207         0.108436   -0.098015        0.109866  CURRENT_RESAMPLED      0.109866
2025-01-08 09:30:00+00:00  158.147  158.184  142.526477  142.616100              -0.001155         0.107620   -0.098205        0.109857  CURRENT_RESAMPLED      0.109857
2025-01-10 10:45:00+00:00  158.016  158.128  142.481428  142.511428              -0.001566         0.107059   -0.098120        0.109815  CURRENT_RESAMPLED      0.109815
2025-01-09 14:00:00+00:00  157.655  157.780  142.173162  142.382207               0.000801         0.108153   -0.096875        0.109773  CURRENT_RESAMPLED      0.109773
2025-01-08 18:30:00+00:00  158.407  158.465  142.792668  142.842257               0.000198         0.109185   -0.098258        0.109756  CURRENT_RESAMPLED      0.109756

==============================================================================================================
EXACT-GRID CLEAN CANDIDATE — MOVES > 2%
==============================================================================================================

                                 open        high         low       close  close_to_close_return  open_gap_return  bar_return  intrabar_range           source  max_abs_move
timestamp
2025-01-08 13:30:00+00:00  158.329000  158.372000  158.172000  158.288000               0.115648         0.115937   -0.000259        0.001264  EXACT_GRID_ONLY      0.115937
2025-01-08 15:45:00+00:00  158.365000  158.418000  158.337000  158.371000               0.115920         0.115877    0.000038        0.000512  EXACT_GRID_ONLY      0.115920
2025-01-08 15:00:00+00:00  158.349000  158.350000  158.226000  158.230000               0.114407         0.115245   -0.000752        0.000784  EXACT_GRID_ONLY      0.115245
2025-01-09 21:15:00+00:00  158.100000  158.111000  158.081000  158.085000               0.114782         0.114888   -0.000095        0.000190  EXACT_GRID_ONLY      0.114888
2025-01-09 21:45:00+00:00  158.120000  158.146000  158.106000  158.109000               0.114409         0.114486   -0.000070        0.000253  EXACT_GRID_ONLY      0.114486
2025-01-09 18:00:00+00:00  158.106000  158.162000  158.094000  158.133000               0.114484         0.114294    0.000171        0.000430  EXACT_GRID_ONLY      0.114484
2025-01-09 18:30:00+00:00  158.107000  158.109000  158.070000  158.080000               0.113967         0.114158   -0.000171        0.000247  EXACT_GRID_ONLY      0.114158
2025-01-08 18:15:00+00:00  158.429000  158.450000  158.380000  158.406000               0.112495         0.112656   -0.000145        0.000442  EXACT_GRID_ONLY      0.112656
2025-01-09 19:30:00+00:00  158.090000  158.121000  158.081000  158.109000               0.112451         0.112317    0.000120        0.000253  EXACT_GRID_ONLY      0.112451
2025-01-09 22:45:00+00:00  158.129000  158.174000  158.120000  158.124000               0.112178         0.112213   -0.000032        0.000342  EXACT_GRID_ONLY      0.112213
2025-01-08 12:30:00+00:00  158.447000  158.547000  158.435000  158.477000               0.112108         0.111898    0.000189        0.000707  EXACT_GRID_ONLY      0.112108
2025-01-09 20:30:00+00:00  158.099000  158.112000  158.082000  158.084000               0.111849         0.111955   -0.000095        0.000190  EXACT_GRID_ONLY      0.111955
2025-01-08 11:30:00+00:00  158.447000  158.550000  158.447000  158.472000               0.111853         0.111678    0.000158        0.000650  EXACT_GRID_ONLY      0.111853
2025-01-10 00:30:00+00:00  158.148000  158.204000  158.138000  158.151000               0.111734         0.111713    0.000019        0.000417  EXACT_GRID_ONLY      0.111734
2025-01-08 16:45:00+00:00  158.355000  158.414000  158.308000  158.320000               0.111245         0.111491   -0.000221        0.000670  EXACT_GRID_ONLY      0.111491
2025-01-09 19:00:00+00:00  158.072000  158.095000  158.056000  158.095000               0.111415         0.111253    0.000146        0.000247  EXACT_GRID_ONLY      0.111415
2025-01-09 23:45:00+00:00  158.112000  158.112000  158.008000  158.041000               0.110610         0.111109   -0.000449        0.000658  EXACT_GRID_ONLY      0.111109
2025-01-07 15:15:00+00:00  158.329000  158.339000  158.118000  158.173000               0.109493         0.110587   -0.000985        0.001398  EXACT_GRID_ONLY      0.110587
2025-01-10 14:00:00+00:00  158.550000  158.653000  158.487000  158.565000               0.110435         0.110330    0.000095        0.001047  EXACT_GRID_ONLY      0.110435
2025-01-07 18:30:00+00:00  157.687000  157.914000  157.682000  157.881000               0.109941         0.108577    0.001230        0.001471  EXACT_GRID_ONLY      0.109941
2025-01-09 17:00:00+00:00  158.013000  158.059000  157.984000  158.050000               0.109319         0.109059    0.000234        0.000475  EXACT_GRID_ONLY      0.109319
2025-01-09 23:15:00+00:00  158.067000  158.093000  158.053000  158.092000               0.108848         0.108673    0.000158        0.000253  EXACT_GRID_ONLY      0.108848
2025-01-08 10:45:00+00:00  158.305000  158.347000  158.289000  158.324000               0.108792         0.108659    0.000120        0.000366  EXACT_GRID_ONLY      0.108792
2025-01-10 08:15:00+00:00  158.415000  158.422000  158.320000  158.344000               0.108245         0.108742   -0.000448        0.000644  EXACT_GRID_ONLY      0.108742
2025-01-09 09:15:00+00:00  158.097000  158.114000  158.056000  158.085000               0.108638         0.108722   -0.000076        0.000367  EXACT_GRID_ONLY      0.108722
2025-01-09 09:45:00+00:00  158.102000  158.115000  158.053000  158.083000               0.108049         0.108182   -0.000120        0.000392  EXACT_GRID_ONLY      0.108182
2025-01-08 19:15:00+00:00  158.481000  158.482000  158.353000  158.364000               0.106934         0.107752   -0.000738        0.000815  EXACT_GRID_ONLY      0.107752
2025-01-08 01:00:00+00:00  158.167000  158.170000  157.990000  158.017000               0.106559         0.107609   -0.000948        0.001139  EXACT_GRID_ONLY      0.107609
2025-01-09 10:45:00+00:00  158.081000  158.090000  157.980000  157.993000               0.106915         0.107532   -0.000557        0.000696  EXACT_GRID_ONLY      0.107532
2025-01-10 02:45:00+00:00  158.243000  158.280000  158.233000  158.263000               0.107513         0.107373    0.000126        0.000297  EXACT_GRID_ONLY      0.107513
2025-01-09 16:30:00+00:00  157.951000  157.968000  157.922000  157.922000               0.107293         0.107496   -0.000184        0.000291  EXACT_GRID_ONLY      0.107496
2025-01-08 09:30:00+00:00  158.147000  158.184000  158.094000  158.172000               0.107275         0.107100    0.000158        0.000569  EXACT_GRID_ONLY      0.107275
2025-01-08 20:15:00+00:00  158.426000  158.426000  158.392000  158.420000               0.106621         0.106663   -0.000038        0.000215  EXACT_GRID_ONLY      0.106663
2025-01-10 12:30:00+00:00  157.956000  157.967000  157.923000  157.951000               0.106627         0.106662   -0.000032        0.000279  EXACT_GRID_ONLY      0.106662
2025-01-07 16:30:00+00:00  158.003000  158.024000  157.619000  157.794000               0.105021         0.106485   -0.001323        0.002569  EXACT_GRID_ONLY      0.106485
2025-01-10 19:45:00+00:00  157.836000  157.879000  157.806000  157.869000               0.106190         0.105959    0.000209        0.000463  EXACT_GRID_ONLY      0.106190
2025-01-07 19:15:00+00:00  157.796000  157.837000  157.770000  157.781000               0.106049         0.106154   -0.000095        0.000425  EXACT_GRID_ONLY      0.106154
2025-01-09 11:30:00+00:00  157.952000  157.973000  157.838000  157.843000               0.105307         0.106070   -0.000690        0.000855  EXACT_GRID_ONLY      0.106070
2025-01-10 18:15:00+00:00  157.859000  157.912000  157.846000  157.908000               0.105973         0.105630    0.000310        0.000418  EXACT_GRID_ONLY      0.105973
2025-01-09 07:45:00+00:00  158.037000  158.201000  158.033000  158.190000               0.105777         0.104707    0.000968        0.001063  EXACT_GRID_ONLY      0.105777
2025-01-07 23:45:00+00:00  158.189000  158.239000  158.140000  158.223000               0.105729         0.105491    0.000215        0.000626  EXACT_GRID_ONLY      0.105729
2025-01-10 09:30:00+00:00  157.742000  157.857000  157.742000  157.821000               0.105486         0.104932    0.000501        0.000729  EXACT_GRID_ONLY      0.105486
2025-01-09 13:15:00+00:00  157.732000  157.845000  157.707000  157.733000               0.105460         0.105453    0.000006        0.000875  EXACT_GRID_ONLY      0.105460
2025-01-10 03:45:00+00:00  158.222000  158.248000  158.179000  158.232000               0.105126         0.105056    0.000063        0.000436  EXACT_GRID_ONLY      0.105126
2025-01-10 19:15:00+00:00  157.853000  157.943000  157.834000  157.910000               0.105063         0.104665    0.000361        0.000691  EXACT_GRID_ONLY      0.105063
2025-01-07 21:30:00+00:00  157.966000  158.052000  157.965000  158.034000               0.104946         0.104471    0.000430        0.000551  EXACT_GRID_ONLY      0.104946
2025-01-10 15:00:00+00:00  157.933000  158.162000  157.604000  157.653000               0.102874         0.104833   -0.001773        0.003541  EXACT_GRID_ONLY      0.104833
2025-01-09 15:00:00+00:00  157.819000  157.886000  157.815000  157.861000               0.104781         0.104487    0.000266        0.000450  EXACT_GRID_ONLY      0.104781
2025-01-08 14:45:00+00:00  141.774228  142.015886  141.744228  141.985886              -0.103426        -0.104763    0.001493        0.001917  EXACT_GRID_ONLY      0.104763
2025-01-10 09:00:00+00:00  157.821000  157.861000  157.622000  157.644000               0.103407         0.104646   -0.001122        0.001516  EXACT_GRID_ONLY      0.104646

==============================================================================================================
CURRENT BARS — MOVES > 5%
==============================================================================================================

                              open     high         low       close  close_to_close_return  open_gap_return  bar_return  intrabar_range             source  max_abs_move
timestamp
2025-01-08 14:15:00+00:00  158.255  158.433  141.671166  141.758984               0.000540         0.116970   -0.104237        0.118315  CURRENT_RESAMPLED      0.118315
2025-01-08 14:00:00+00:00  158.217  158.272  141.529377  141.682447              -0.000314         0.116351   -0.104506        0.118298  CURRENT_RESAMPLED      0.118298
2025-01-08 14:30:00+00:00  158.416  158.463  141.744228  141.774228               0.000108         0.117502   -0.105051        0.117950  CURRENT_RESAMPLED      0.117950
2025-01-08 13:30:00+00:00  158.329  158.372  141.727365  141.797952               0.000766         0.117437   -0.104409        0.117441  CURRENT_RESAMPLED      0.117441
2025-01-08 13:45:00+00:00  158.289  158.331  141.692475  141.726922              -0.000501         0.116300   -0.104632        0.117427  CURRENT_RESAMPLED      0.117427
2025-01-08 13:00:00+00:00  158.505  158.505  141.853033  141.895652              -0.001026         0.115908   -0.104788        0.117389  CURRENT_RESAMPLED      0.117389
2025-01-08 12:45:00+00:00  158.479  158.527  142.011336  142.041336              -0.002118         0.113362   -0.103721        0.116298  CURRENT_RESAMPLED      0.116298
2025-01-09 18:00:00+00:00  158.106  158.162  141.727050  141.830871               0.000192         0.114964   -0.102938        0.115962  CURRENT_RESAMPLED      0.115962
2025-01-09 20:45:00+00:00  158.084  158.124  141.722363  141.752363               0.000007         0.115220   -0.103310        0.115731  CURRENT_RESAMPLED      0.115731
2025-01-09 20:30:00+00:00  158.099  158.112  141.721363  141.751363              -0.002107         0.112976   -0.103401        0.115654  CURRENT_RESAMPLED      0.115654
2025-01-08 15:45:00+00:00  158.365  158.418  142.013645  142.043645               0.000017         0.114923   -0.103062        0.115513  CURRENT_RESAMPLED      0.115513
2025-01-08 15:00:00+00:00  158.349  158.350  141.971320  142.132307               0.000871         0.115067   -0.102411        0.115366  CURRENT_RESAMPLED      0.115366
2025-01-09 21:15:00+00:00  158.100  158.111  141.768363  141.822580              -0.000437         0.114286   -0.102956        0.115277  CURRENT_RESAMPLED      0.115277
2025-01-08 16:00:00+00:00  158.371  158.441  142.087632  142.362495               0.002245         0.114946   -0.101082        0.115094  CURRENT_RESAMPLED      0.115094
2025-01-09 19:30:00+00:00  158.090  158.121  141.870732  142.060757               0.001115         0.114075   -0.101393        0.114543  CURRENT_RESAMPLED      0.114543
2025-01-08 12:30:00+00:00  158.447  158.547  142.312788  142.342788              -0.000895         0.112140   -0.101638        0.114074  CURRENT_RESAMPLED      0.114074
2025-01-09 19:45:00+00:00  158.106  158.122  141.937002  141.967002              -0.000660         0.112946   -0.102077        0.114029  CURRENT_RESAMPLED      0.114029
2025-01-08 17:45:00+00:00  158.465  158.483  142.261174  142.291174              -0.001168         0.112367   -0.102066        0.114028  CURRENT_RESAMPLED      0.114028
2025-01-09 18:30:00+00:00  158.107  158.109  142.013614  142.259094               0.002223         0.113872   -0.100235        0.113337  CURRENT_RESAMPLED      0.113872
2025-01-10 13:30:00+00:00  157.954  158.877  142.640753  142.670753              -0.001968         0.104944   -0.096758        0.113826  CURRENT_RESAMPLED      0.113826
2025-01-08 11:30:00+00:00  158.447  158.550  142.383630  142.460776               0.000002         0.112217   -0.100893        0.113541  CURRENT_RESAMPLED      0.113541
2025-01-09 17:30:00+00:00  158.120  158.134  142.018913  142.048913              -0.000089         0.113039   -0.101639        0.113471  CURRENT_RESAMPLED      0.113471
2025-01-09 17:15:00+00:00  158.049  158.131  142.031541  142.061541              -0.000578         0.111896   -0.101155        0.113351  CURRENT_RESAMPLED      0.113351
2025-01-08 17:30:00+00:00  158.392  158.495  142.370716  142.457526              -0.000326         0.111492   -0.100602        0.113256  CURRENT_RESAMPLED      0.113256
2025-01-10 00:30:00+00:00  158.148  158.204  142.121017  142.162696               0.000189         0.112654   -0.101078        0.113164  CURRENT_RESAMPLED      0.113164
2025-01-10 00:00:00+00:00  158.040  158.227  142.158655  142.188655              -0.000025         0.111453   -0.100300        0.113031  CURRENT_RESAMPLED      0.113031
2025-01-10 00:45:00+00:00  158.151  158.203  142.152924  142.424080               0.001839         0.112465   -0.099442        0.112907  CURRENT_RESAMPLED      0.112907
2025-01-09 21:45:00+00:00  158.120  158.146  142.152135  142.354847               0.001927         0.112886   -0.099704        0.112512  CURRENT_RESAMPLED      0.112886
2025-01-08 16:15:00+00:00  158.400  158.413  142.354155  142.550083               0.001318         0.112653   -0.100063        0.112809  CURRENT_RESAMPLED      0.112809
2025-01-08 17:15:00+00:00  158.380  158.439  142.398996  142.503975              -0.000171         0.111217   -0.100240        0.112641  CURRENT_RESAMPLED      0.112641
2025-01-09 22:15:00+00:00  158.068  158.184  142.177068  142.254093               0.000101         0.111279   -0.100045        0.112584  CURRENT_RESAMPLED      0.112584
2025-01-09 19:00:00+00:00  158.072  158.095  142.128204  142.158204              -0.001012         0.110819   -0.100674        0.112341  CURRENT_RESAMPLED      0.112341
2025-01-09 17:00:00+00:00  158.013  158.059  142.113674  142.143674              -0.000545         0.111037   -0.100431        0.112201  CURRENT_RESAMPLED      0.112201
2025-01-09 23:45:00+00:00  158.112  158.112  142.162212  142.192212               0.000206         0.112189   -0.100687        0.112194  CURRENT_RESAMPLED      0.112194
2025-01-09 23:15:00+00:00  158.067  158.093  142.152420  142.199370              -0.000745         0.110759   -0.100385        0.112137  CURRENT_RESAMPLED      0.112137
2025-01-09 22:00:00+00:00  158.040  158.072  142.182973  142.239761              -0.000808         0.110183   -0.099976        0.111751  CURRENT_RESAMPLED      0.111751
2025-01-08 16:45:00+00:00  158.355  158.414  142.496872  142.553156               0.000368         0.111258   -0.099787        0.111702  CURRENT_RESAMPLED      0.111702
2025-01-08 17:00:00+00:00  158.320  158.401  142.498393  142.528393              -0.000174         0.110603   -0.099745        0.111599  CURRENT_RESAMPLED      0.111599
2025-01-09 22:45:00+00:00  158.129  158.174  142.343962  142.543993               0.001326         0.110806   -0.098559        0.111210  CURRENT_RESAMPLED      0.111210
2025-01-09 10:00:00+00:00  158.082  158.101  142.291323  142.389020              -0.000456         0.109706   -0.099271        0.111108  CURRENT_RESAMPLED      0.111108
2025-01-07 15:15:00+00:00  158.329  158.339  142.556121  142.758951               0.000989         0.110163   -0.098340        0.110713  CURRENT_RESAMPLED      0.110713
2025-01-10 01:00:00+00:00  157.999  158.083  142.333543  142.477351               0.000374         0.109356   -0.098239        0.110652  CURRENT_RESAMPLED      0.110652
2025-01-09 09:45:00+00:00  158.102  158.115  142.393789  142.453981              -0.000217         0.109606   -0.098974        0.110407  CURRENT_RESAMPLED      0.110407
2025-01-08 18:15:00+00:00  158.429  158.450  142.710143  142.813919               0.000385         0.109766   -0.098562        0.110292  CURRENT_RESAMPLED      0.110292
2025-01-08 10:45:00+00:00  158.305  158.347  142.624799  142.794736               0.000290         0.108941   -0.097977        0.110235  CURRENT_RESAMPLED      0.110235
2025-01-10 14:00:00+00:00  158.550  158.653  142.947877  143.009670              -0.000207         0.108436   -0.098015        0.109866  CURRENT_RESAMPLED      0.109866
2025-01-08 09:30:00+00:00  158.147  158.184  142.526477  142.616100              -0.001155         0.107620   -0.098205        0.109857  CURRENT_RESAMPLED      0.109857
2025-01-10 10:45:00+00:00  158.016  158.128  142.481428  142.511428              -0.001566         0.107059   -0.098120        0.109815  CURRENT_RESAMPLED      0.109815
2025-01-09 14:00:00+00:00  157.655  157.780  142.173162  142.382207               0.000801         0.108153   -0.096875        0.109773  CURRENT_RESAMPLED      0.109773
2025-01-08 18:30:00+00:00  158.407  158.465  142.792668  142.842257               0.000198         0.109185   -0.098258        0.109756  CURRENT_RESAMPLED      0.109756

==============================================================================================================
EXACT-GRID CLEAN CANDIDATE — MOVES > 5%
==============================================================================================================

                                 open        high         low       close  close_to_close_return  open_gap_return  bar_return  intrabar_range           source  max_abs_move
timestamp
2025-01-08 13:30:00+00:00  158.329000  158.372000  158.172000  158.288000               0.115648         0.115937   -0.000259        0.001264  EXACT_GRID_ONLY      0.115937
2025-01-08 15:45:00+00:00  158.365000  158.418000  158.337000  158.371000               0.115920         0.115877    0.000038        0.000512  EXACT_GRID_ONLY      0.115920
2025-01-08 15:00:00+00:00  158.349000  158.350000  158.226000  158.230000               0.114407         0.115245   -0.000752        0.000784  EXACT_GRID_ONLY      0.115245
2025-01-09 21:15:00+00:00  158.100000  158.111000  158.081000  158.085000               0.114782         0.114888   -0.000095        0.000190  EXACT_GRID_ONLY      0.114888
2025-01-09 21:45:00+00:00  158.120000  158.146000  158.106000  158.109000               0.114409         0.114486   -0.000070        0.000253  EXACT_GRID_ONLY      0.114486
2025-01-09 18:00:00+00:00  158.106000  158.162000  158.094000  158.133000               0.114484         0.114294    0.000171        0.000430  EXACT_GRID_ONLY      0.114484
2025-01-09 18:30:00+00:00  158.107000  158.109000  158.070000  158.080000               0.113967         0.114158   -0.000171        0.000247  EXACT_GRID_ONLY      0.114158
2025-01-08 18:15:00+00:00  158.429000  158.450000  158.380000  158.406000               0.112495         0.112656   -0.000145        0.000442  EXACT_GRID_ONLY      0.112656
2025-01-09 19:30:00+00:00  158.090000  158.121000  158.081000  158.109000               0.112451         0.112317    0.000120        0.000253  EXACT_GRID_ONLY      0.112451
2025-01-09 22:45:00+00:00  158.129000  158.174000  158.120000  158.124000               0.112178         0.112213   -0.000032        0.000342  EXACT_GRID_ONLY      0.112213
2025-01-08 12:30:00+00:00  158.447000  158.547000  158.435000  158.477000               0.112108         0.111898    0.000189        0.000707  EXACT_GRID_ONLY      0.112108
2025-01-09 20:30:00+00:00  158.099000  158.112000  158.082000  158.084000               0.111849         0.111955   -0.000095        0.000190  EXACT_GRID_ONLY      0.111955
2025-01-08 11:30:00+00:00  158.447000  158.550000  158.447000  158.472000               0.111853         0.111678    0.000158        0.000650  EXACT_GRID_ONLY      0.111853
2025-01-10 00:30:00+00:00  158.148000  158.204000  158.138000  158.151000               0.111734         0.111713    0.000019        0.000417  EXACT_GRID_ONLY      0.111734
2025-01-08 16:45:00+00:00  158.355000  158.414000  158.308000  158.320000               0.111245         0.111491   -0.000221        0.000670  EXACT_GRID_ONLY      0.111491
2025-01-09 19:00:00+00:00  158.072000  158.095000  158.056000  158.095000               0.111415         0.111253    0.000146        0.000247  EXACT_GRID_ONLY      0.111415
2025-01-09 23:45:00+00:00  158.112000  158.112000  158.008000  158.041000               0.110610         0.111109   -0.000449        0.000658  EXACT_GRID_ONLY      0.111109
2025-01-07 15:15:00+00:00  158.329000  158.339000  158.118000  158.173000               0.109493         0.110587   -0.000985        0.001398  EXACT_GRID_ONLY      0.110587
2025-01-10 14:00:00+00:00  158.550000  158.653000  158.487000  158.565000               0.110435         0.110330    0.000095        0.001047  EXACT_GRID_ONLY      0.110435
2025-01-07 18:30:00+00:00  157.687000  157.914000  157.682000  157.881000               0.109941         0.108577    0.001230        0.001471  EXACT_GRID_ONLY      0.109941
2025-01-09 17:00:00+00:00  158.013000  158.059000  157.984000  158.050000               0.109319         0.109059    0.000234        0.000475  EXACT_GRID_ONLY      0.109319
2025-01-09 23:15:00+00:00  158.067000  158.093000  158.053000  158.092000               0.108848         0.108673    0.000158        0.000253  EXACT_GRID_ONLY      0.108848
2025-01-08 10:45:00+00:00  158.305000  158.347000  158.289000  158.324000               0.108792         0.108659    0.000120        0.000366  EXACT_GRID_ONLY      0.108792
2025-01-10 08:15:00+00:00  158.415000  158.422000  158.320000  158.344000               0.108245         0.108742   -0.000448        0.000644  EXACT_GRID_ONLY      0.108742
2025-01-09 09:15:00+00:00  158.097000  158.114000  158.056000  158.085000               0.108638         0.108722   -0.000076        0.000367  EXACT_GRID_ONLY      0.108722
2025-01-09 09:45:00+00:00  158.102000  158.115000  158.053000  158.083000               0.108049         0.108182   -0.000120        0.000392  EXACT_GRID_ONLY      0.108182
2025-01-08 19:15:00+00:00  158.481000  158.482000  158.353000  158.364000               0.106934         0.107752   -0.000738        0.000815  EXACT_GRID_ONLY      0.107752
2025-01-08 01:00:00+00:00  158.167000  158.170000  157.990000  158.017000               0.106559         0.107609   -0.000948        0.001139  EXACT_GRID_ONLY      0.107609
2025-01-09 10:45:00+00:00  158.081000  158.090000  157.980000  157.993000               0.106915         0.107532   -0.000557        0.000696  EXACT_GRID_ONLY      0.107532
2025-01-10 02:45:00+00:00  158.243000  158.280000  158.233000  158.263000               0.107513         0.107373    0.000126        0.000297  EXACT_GRID_ONLY      0.107513
2025-01-09 16:30:00+00:00  157.951000  157.968000  157.922000  157.922000               0.107293         0.107496   -0.000184        0.000291  EXACT_GRID_ONLY      0.107496
2025-01-08 09:30:00+00:00  158.147000  158.184000  158.094000  158.172000               0.107275         0.107100    0.000158        0.000569  EXACT_GRID_ONLY      0.107275
2025-01-08 20:15:00+00:00  158.426000  158.426000  158.392000  158.420000               0.106621         0.106663   -0.000038        0.000215  EXACT_GRID_ONLY      0.106663
2025-01-10 12:30:00+00:00  157.956000  157.967000  157.923000  157.951000               0.106627         0.106662   -0.000032        0.000279  EXACT_GRID_ONLY      0.106662
2025-01-07 16:30:00+00:00  158.003000  158.024000  157.619000  157.794000               0.105021         0.106485   -0.001323        0.002569  EXACT_GRID_ONLY      0.106485
2025-01-10 19:45:00+00:00  157.836000  157.879000  157.806000  157.869000               0.106190         0.105959    0.000209        0.000463  EXACT_GRID_ONLY      0.106190
2025-01-07 19:15:00+00:00  157.796000  157.837000  157.770000  157.781000               0.106049         0.106154   -0.000095        0.000425  EXACT_GRID_ONLY      0.106154
2025-01-09 11:30:00+00:00  157.952000  157.973000  157.838000  157.843000               0.105307         0.106070   -0.000690        0.000855  EXACT_GRID_ONLY      0.106070
2025-01-10 18:15:00+00:00  157.859000  157.912000  157.846000  157.908000               0.105973         0.105630    0.000310        0.000418  EXACT_GRID_ONLY      0.105973
2025-01-09 07:45:00+00:00  158.037000  158.201000  158.033000  158.190000               0.105777         0.104707    0.000968        0.001063  EXACT_GRID_ONLY      0.105777
2025-01-07 23:45:00+00:00  158.189000  158.239000  158.140000  158.223000               0.105729         0.105491    0.000215        0.000626  EXACT_GRID_ONLY      0.105729
2025-01-10 09:30:00+00:00  157.742000  157.857000  157.742000  157.821000               0.105486         0.104932    0.000501        0.000729  EXACT_GRID_ONLY      0.105486
2025-01-09 13:15:00+00:00  157.732000  157.845000  157.707000  157.733000               0.105460         0.105453    0.000006        0.000875  EXACT_GRID_ONLY      0.105460
2025-01-10 03:45:00+00:00  158.222000  158.248000  158.179000  158.232000               0.105126         0.105056    0.000063        0.000436  EXACT_GRID_ONLY      0.105126
2025-01-10 19:15:00+00:00  157.853000  157.943000  157.834000  157.910000               0.105063         0.104665    0.000361        0.000691  EXACT_GRID_ONLY      0.105063
2025-01-07 21:30:00+00:00  157.966000  158.052000  157.965000  158.034000               0.104946         0.104471    0.000430        0.000551  EXACT_GRID_ONLY      0.104946
2025-01-10 15:00:00+00:00  157.933000  158.162000  157.604000  157.653000               0.102874         0.104833   -0.001773        0.003541  EXACT_GRID_ONLY      0.104833
2025-01-09 15:00:00+00:00  157.819000  157.886000  157.815000  157.861000               0.104781         0.104487    0.000266        0.000450  EXACT_GRID_ONLY      0.104781
2025-01-08 14:45:00+00:00  141.774228  142.015886  141.744228  141.985886              -0.103426        -0.104763    0.001493        0.001917  EXACT_GRID_ONLY      0.104763
2025-01-10 09:00:00+00:00  157.821000  157.861000  157.622000  157.644000               0.103407         0.104646   -0.001122        0.001516  EXACT_GRID_ONLY      0.104646

==============================================================================================================
OFF-GRID ROWS vs CANONICAL 15M PRICE — LARGEST DIFFERENCES
==============================================================================================================

                                 open        high         low       close          canonical_bucket  canonical_close  close_difference_pct  abs_close_difference_pct
timestamp
2025-01-08 14:05:00+00:00  141.627528  141.657528  141.529377  141.559377 2025-01-08 14:00:00+00:00          158.256             -0.105504                  0.105504
2025-01-08 14:25:00+00:00  141.799760  141.829760  141.728984  141.758984 2025-01-08 14:15:00+00:00          158.415             -0.105142                  0.105142
2025-01-08 14:20:00+00:00  141.701166  141.829760  141.671166  141.799760 2025-01-08 14:15:00+00:00          158.415             -0.104884                  0.104884
2025-01-08 14:40:00+00:00  141.787620  141.817620  141.744228  141.774228 2025-01-08 14:30:00+00:00          158.365             -0.104763                  0.104763
2025-01-08 14:10:00+00:00  141.559377  141.712447  141.529377  141.682447 2025-01-08 14:00:00+00:00          158.256             -0.104726                  0.104726
2025-01-08 14:35:00+00:00  141.838801  141.868801  141.757620  141.787620 2025-01-08 14:30:00+00:00          158.365             -0.104678                  0.104678
2025-01-08 13:55:00+00:00  141.776160  141.806160  141.696922  141.726922 2025-01-08 13:45:00+00:00          158.219             -0.104236                  0.104236
2025-01-08 13:40:00+00:00  141.804651  141.834651  141.767952  141.797952 2025-01-08 13:30:00+00:00          158.288             -0.104178                  0.104178
2025-01-08 13:35:00+00:00  141.757365  141.834651  141.727365  141.804651 2025-01-08 13:30:00+00:00          158.288             -0.104135                  0.104135
2025-01-08 13:05:00+00:00  141.918199  141.948199  141.853033  141.883033 2025-01-08 13:00:00+00:00          158.368             -0.104093                  0.104093
2025-01-08 13:10:00+00:00  141.883033  141.925652  141.853033  141.895652 2025-01-08 13:00:00+00:00          158.368             -0.104013                  0.104013
2025-01-08 13:50:00+00:00  141.722475  141.806160  141.692475  141.776160 2025-01-08 13:45:00+00:00          158.219             -0.103925                  0.103925
2025-01-08 12:55:00+00:00  142.220458  142.250458  142.011336  142.041336 2025-01-08 12:45:00+00:00          158.503             -0.103857                  0.103857
2025-01-09 20:55:00+00:00  141.881715  141.911715  141.722363  141.752363 2025-01-09 20:45:00+00:00          158.121             -0.103520                  0.103520
2025-01-09 18:05:00+00:00  141.757050  141.806356  141.727050  141.776356 2025-01-09 18:00:00+00:00          158.133             -0.103436                  0.103436
2025-01-09 20:40:00+00:00  141.853215  141.883215  141.721363  141.751363 2025-01-09 20:30:00+00:00          158.084             -0.103316                  0.103316
2025-01-08 15:55:00+00:00  142.137520  142.167520  142.013645  142.043645 2025-01-08 15:45:00+00:00          158.371             -0.103096                  0.103096
2025-01-09 18:10:00+00:00  141.776356  141.860871  141.746356  141.830871 2025-01-09 18:00:00+00:00          158.133             -0.103091                  0.103091
2025-01-09 21:20:00+00:00  141.827070  141.857070  141.768363  141.798363 2025-01-09 21:15:00+00:00          158.085             -0.103025                  0.103025
2025-01-09 21:25:00+00:00  141.798363  141.852580  141.768363  141.822580 2025-01-09 21:15:00+00:00          158.085             -0.102871                  0.102871
2025-01-08 12:50:00+00:00  142.261050  142.291050  142.190458  142.220458 2025-01-08 12:45:00+00:00          158.503             -0.102727                  0.102727
2025-01-09 20:50:00+00:00  141.862421  141.911715  141.832421  141.881715 2025-01-09 20:45:00+00:00          158.121             -0.102702                  0.102702
2025-01-09 20:35:00+00:00  141.977375  142.007375  141.823215  141.853215 2025-01-09 20:30:00+00:00          158.084             -0.102672                  0.102672
2025-01-08 15:50:00+00:00  142.068209  142.167520  142.038209  142.137520 2025-01-08 15:45:00+00:00          158.371             -0.102503                  0.102503
2025-01-08 15:05:00+00:00  142.001320  142.059118  141.971320  142.029118 2025-01-08 15:00:00+00:00          158.230             -0.102388                  0.102388
2025-01-09 19:55:00+00:00  142.037777  142.067777  141.937002  141.967002 2025-01-09 19:45:00+00:00          158.112             -0.102111                  0.102111
2025-01-09 19:35:00+00:00  141.900732  142.006395  141.870732  141.976395 2025-01-09 19:30:00+00:00          158.109             -0.102035                  0.102035
2025-01-08 12:40:00+00:00  142.426397  142.456397  142.312788  142.342788 2025-01-08 12:30:00+00:00          158.477             -0.101808                  0.101808
2025-01-08 15:10:00+00:00  142.029118  142.162307  141.999118  142.132307 2025-01-08 15:00:00+00:00          158.230             -0.101736                  0.101736
2025-01-08 16:05:00+00:00  142.117632  142.326491  142.087632  142.296491 2025-01-08 16:00:00+00:00          158.400             -0.101664                  0.101664
2025-01-09 19:50:00+00:00  142.053910  142.083910  142.007777  142.037777 2025-01-09 19:45:00+00:00          158.112             -0.101664                  0.101664
2025-01-08 17:55:00+00:00  142.381711  142.411711  142.261174  142.291174 2025-01-08 17:45:00+00:00          158.390             -0.101640                  0.101640
2025-01-09 17:40:00+00:00  142.055912  142.085912  142.018913  142.048913 2025-01-09 17:30:00+00:00          158.110             -0.101582                  0.101582
2025-01-09 17:25:00+00:00  142.130443  142.160443  142.031541  142.061541 2025-01-09 17:15:00+00:00          158.122             -0.101570                  0.101570
2025-01-09 17:35:00+00:00  142.056335  142.086335  142.025912  142.055912 2025-01-09 17:30:00+00:00          158.110             -0.101537                  0.101537
2025-01-09 19:40:00+00:00  141.976395  142.090757  141.946395  142.060757 2025-01-09 19:30:00+00:00          158.109             -0.101501                  0.101501
2025-01-08 17:35:00+00:00  142.421316  142.451316  142.370716  142.400716 2025-01-08 17:30:00+00:00          158.462             -0.101357                  0.101357
2025-01-08 11:35:00+00:00  142.468427  142.498427  142.383630  142.413630 2025-01-08 11:30:00+00:00          158.472             -0.101333                  0.101333
2025-01-08 12:35:00+00:00  142.428926  142.458926  142.396397  142.426397 2025-01-08 12:30:00+00:00          158.477             -0.101280                  0.101280
2025-01-08 16:10:00+00:00  142.296491  142.392495  142.266491  142.362495 2025-01-08 16:00:00+00:00          158.400             -0.101247                  0.101247
2025-01-09 17:20:00+00:00  142.162370  142.192370  142.100443  142.130443 2025-01-09 17:15:00+00:00          158.122             -0.101134                  0.101134
2025-01-10 00:40:00+00:00  142.216772  142.246772  142.132696  142.162696 2025-01-10 00:30:00+00:00          158.151             -0.101095                  0.101095
2025-01-08 17:50:00+00:00  142.366110  142.411711  142.336110  142.381711 2025-01-08 17:45:00+00:00          158.390             -0.101069                  0.101069
2025-01-10 00:10:00+00:00  142.248818  142.278818  142.158655  142.188655 2025-01-10 00:00:00+00:00          158.174             -0.101062                  0.101062
2025-01-08 11:40:00+00:00  142.413630  142.490776  142.383630  142.460776 2025-01-08 11:30:00+00:00          158.472             -0.101035                  0.101035
2025-01-08 17:40:00+00:00  142.400716  142.487526  142.370716  142.457526 2025-01-08 17:30:00+00:00          158.462             -0.100999                  0.100999
2025-01-09 18:35:00+00:00  142.043614  142.170519  142.013614  142.140519 2025-01-09 18:30:00+00:00          158.080             -0.100832                  0.100832
2025-01-08 16:20:00+00:00  142.384155  142.427311  142.354155  142.397311 2025-01-08 16:15:00+00:00          158.364             -0.100823                  0.100823
2025-01-09 19:10:00+00:00  142.203465  142.233465  142.128204  142.158204 2025-01-09 19:00:00+00:00          158.095             -0.100805                  0.100805
2025-01-08 17:20:00+00:00  142.430800  142.460800  142.398996  142.428996 2025-01-08 17:15:00+00:00          158.393             -0.100787                  0.100787

==============================================================================================================
BARS CHANGED BY PREVIOUS RESAMPLE
==============================================================================================================

                           current_open  clean_open  open_abs_diff  current_high  clean_high  high_abs_diff  current_low  clean_low  low_abs_diff  current_close  clean_close  close_abs_diff  max_price_diff
timestamp
2025-01-08 14:15:00+00:00       158.255     158.255            0.0       158.433     158.433            0.0   141.671166    158.253     16.581834     141.758984      158.415       16.656016       16.656016
2025-01-08 14:30:00+00:00       158.416     158.416            0.0       158.463     158.463            0.0   141.744228    158.363     16.618772     141.774228      158.365       16.590772       16.618772
2025-01-08 14:00:00+00:00       158.217     158.217            0.0       158.272     158.272            0.0   141.529377    158.142     16.612623     141.682447      158.256       16.573553       16.612623
2025-01-08 13:45:00+00:00       158.289     158.289            0.0       158.331     158.331            0.0   141.692475    158.204     16.511525     141.726922      158.219       16.492078       16.511525
2025-01-08 13:30:00+00:00       158.329     158.329            0.0       158.372     158.372            0.0   141.727365    158.172     16.444635     141.797952      158.288       16.490048       16.490048
2025-01-08 13:00:00+00:00       158.505     158.505            0.0       158.505     158.505            0.0   141.853033    158.275     16.421967     141.895652      158.368       16.472348       16.472348
2025-01-08 12:45:00+00:00       158.479     158.479            0.0       158.527     158.527            0.0   142.011336    158.434     16.422664     142.041336      158.503       16.461664       16.461664
2025-01-09 20:45:00+00:00       158.084     158.084            0.0       158.124     158.124            0.0   141.722363    158.083     16.360637     141.752363      158.121       16.368637       16.368637
2025-01-09 18:00:00+00:00       158.106     158.106            0.0       158.162     158.162            0.0   141.727050    158.094     16.366950     141.830871      158.133       16.302129       16.366950
2025-01-09 20:30:00+00:00       158.099     158.099            0.0       158.112     158.112            0.0   141.721363    158.082     16.360637     141.751363      158.084       16.332637       16.360637
2025-01-08 15:45:00+00:00       158.365     158.365            0.0       158.418     158.418            0.0   142.013645    158.337     16.323355     142.043645      158.371       16.327355       16.327355
2025-01-09 21:15:00+00:00       158.100     158.100            0.0       158.111     158.111            0.0   141.768363    158.081     16.312637     141.822580      158.085       16.262420       16.312637
2025-01-08 16:00:00+00:00       158.371     158.371            0.0       158.441     158.441            0.0   142.087632    158.370     16.282368     142.362495      158.400       16.037505       16.282368
2025-01-08 15:00:00+00:00       158.349     158.349            0.0       158.350     158.350            0.0   141.971320    158.226     16.254680     142.132307      158.230       16.097693       16.254680
2025-01-09 19:30:00+00:00       158.090     158.090            0.0       158.121     158.121            0.0   141.870732    158.081     16.210268     142.060757      158.109       16.048243       16.210268
2025-01-09 19:45:00+00:00       158.106     158.106            0.0       158.122     158.122            0.0   141.937002    158.094     16.156998     141.967002      158.112       16.144998       16.156998
2025-01-08 12:30:00+00:00       158.447     158.447            0.0       158.547     158.547            0.0   142.312788    158.435     16.122212     142.342788      158.477       16.134212       16.134212
2025-01-08 17:45:00+00:00       158.465     158.465            0.0       158.483     158.483            0.0   142.261174    158.390     16.128826     142.291174      158.390       16.098826       16.128826
2025-01-09 17:30:00+00:00       158.120     158.120            0.0       158.134     158.134            0.0   142.018913    158.093     16.074087     142.048913      158.110       16.061087       16.074087
2025-01-08 11:30:00+00:00       158.447     158.447            0.0       158.550     158.550            0.0   142.383630    158.447     16.063370     142.460776      158.472       16.011224       16.063370
2025-01-09 17:15:00+00:00       158.049     158.049            0.0       158.131     158.131            0.0   142.031541    158.045     16.013459     142.061541      158.122       16.060459       16.060459
2025-01-09 18:30:00+00:00       158.107     158.107            0.0       158.109     158.109            0.0   142.013614    158.070     16.056386     142.259094      158.080       15.820906       16.056386
2025-01-10 00:30:00+00:00       158.148     158.148            0.0       158.204     158.204            0.0   142.121017    158.138     16.016983     142.162696      158.151       15.988304       16.016983
2025-01-08 17:30:00+00:00       158.392     158.392            0.0       158.495     158.495            0.0   142.370716    158.381     16.010284     142.457526      158.462       16.004474       16.010284
2025-01-10 13:30:00+00:00       157.954     157.954            0.0       158.877     158.877            0.0   142.640753    157.827     15.186247     142.670753      158.661       15.990247       15.990247
2025-01-10 00:00:00+00:00       158.040     158.040            0.0       158.227     158.227            0.0   142.158655    157.999     15.840345     142.188655      158.174       15.985345       15.985345
2025-01-08 17:15:00+00:00       158.380     158.380            0.0       158.439     158.439            0.0   142.398996    158.378     15.979004     142.503975      158.393       15.889025       15.979004
2025-01-09 21:45:00+00:00       158.120     158.120            0.0       158.146     158.146            0.0   142.152135    158.106     15.953865     142.354847      158.109       15.754153       15.953865
2025-01-09 19:00:00+00:00       158.072     158.072            0.0       158.095     158.095            0.0   142.128204    158.056     15.927796     142.158204      158.095       15.936796       15.936796
2025-01-08 16:15:00+00:00       158.400     158.400            0.0       158.413     158.413            0.0   142.354155    158.289     15.934845     142.550083      158.364       15.813917       15.934845
2025-01-09 17:00:00+00:00       158.013     158.013            0.0       158.059     158.059            0.0   142.113674    157.984     15.870326     142.143674      158.050       15.906326       15.906326
2025-01-09 23:15:00+00:00       158.067     158.067            0.0       158.093     158.093            0.0   142.152420    158.053     15.900580     142.199370      158.092       15.892630       15.900580
2025-01-09 22:15:00+00:00       158.068     158.068            0.0       158.184     158.184            0.0   142.177068    158.056     15.878932     142.254093      158.111       15.856907       15.878932
2025-01-09 22:00:00+00:00       158.040     158.040            0.0       158.072     158.072            0.0   142.182973    158.039     15.856027     142.239761      158.071       15.831239       15.856027
2025-01-08 17:00:00+00:00       158.320     158.320            0.0       158.401     158.401            0.0   142.498393    158.309     15.810607     142.528393      158.379       15.850607       15.850607
2025-01-09 23:45:00+00:00       158.112     158.112            0.0       158.112     158.112            0.0   142.162212    158.008     15.845788     142.192212      158.041       15.848788       15.848788
2025-01-08 16:45:00+00:00       158.355     158.355            0.0       158.414     158.414            0.0   142.496872    158.308     15.811128     142.553156      158.320       15.766844       15.811128
2025-01-10 00:45:00+00:00       158.151     158.151            0.0       158.203     158.203            0.0   142.152924    157.947     15.794076     142.424080      157.998       15.573920       15.794076
2025-01-09 22:45:00+00:00       158.129     158.129            0.0       158.174     158.174            0.0   142.343962    158.120     15.776038     142.543993      158.124       15.580007       15.776038
2025-01-09 10:00:00+00:00       158.082     158.082            0.0       158.101     158.101            0.0   142.291323    158.004     15.712677     142.389020      158.030       15.640980       15.712677
2025-01-08 18:15:00+00:00       158.429     158.429            0.0       158.450     158.450            0.0   142.710143    158.380     15.669857     142.813919      158.406       15.592081       15.669857
2025-01-08 10:45:00+00:00       158.305     158.305            0.0       158.347     158.347            0.0   142.624799    158.289     15.664201     142.794736      158.324       15.529264       15.664201
2025-01-09 09:45:00+00:00       158.102     158.102            0.0       158.115     158.115            0.0   142.393789    158.053     15.659211     142.453981      158.083       15.629019       15.659211
2025-01-10 01:00:00+00:00       157.999     157.999            0.0       158.083     158.083            0.0   142.333543    157.931     15.597457     142.477351      158.018       15.540649       15.597457
2025-01-08 18:30:00+00:00       158.407     158.407            0.0       158.465     158.465            0.0   142.792668    158.363     15.570332     142.842257      158.437       15.594743       15.594743
2025-01-08 09:30:00+00:00       158.147     158.147            0.0       158.184     158.184            0.0   142.526477    158.094     15.567523     142.616100      158.172       15.555900       15.567523
2025-01-08 09:45:00+00:00       158.172     158.172            0.0       158.188     158.188            0.0   142.576566    158.144     15.567434     142.646150      158.161       15.514850       15.567434
2025-01-10 10:45:00+00:00       158.016     158.016            0.0       158.128     158.128            0.0   142.481428    158.010     15.528572     142.511428      158.078       15.566572       15.566572
2025-01-07 15:15:00+00:00       158.329     158.329            0.0       158.339     158.339            0.0   142.556121    158.118     15.561879     142.758951      158.173       15.414049       15.561879
2025-01-10 07:30:00+00:00       158.373     158.373            0.0       158.442     158.442            0.0   142.812101    158.351     15.538899     142.857722      158.415       15.557278       15.557278

Bars changed by previous resample: 4,592

==============================================================================================================
FOCUS WINDOWS — 2025 JAN / 2022 OCT
==============================================================================================================

                           dataset     open     high      low    close  close_to_close_return  open_gap_return  bar_return  intrabar_range  max_abs_move
timestamp
2022-10-21 00:00:00+00:00  CURRENT  150.172  150.216  150.154  150.214               0.000280         0.000000    0.000280        0.000413      0.000413
2022-10-21 00:00:00+00:00    CLEAN  150.172  150.216  150.154  150.214               0.000280         0.000000    0.000280        0.000413      0.000413
2022-10-21 00:15:00+00:00  CURRENT  150.213  150.214  150.167  150.192              -0.000146        -0.000007   -0.000140        0.000313      0.000313
2022-10-21 00:15:00+00:00    CLEAN  150.213  150.214  150.167  150.192              -0.000146        -0.000007   -0.000140        0.000313      0.000313
2022-10-21 00:30:00+00:00    CLEAN  150.194  150.215  150.179  150.201               0.000060         0.000013    0.000047        0.000240      0.000240
2022-10-21 00:30:00+00:00  CURRENT  150.194  150.215  150.179  150.201               0.000060         0.000013    0.000047        0.000240      0.000240
2022-10-21 00:45:00+00:00    CLEAN  150.203  150.203  150.134  150.154              -0.000313         0.000013   -0.000326        0.000460      0.000460
2022-10-21 00:45:00+00:00  CURRENT  150.203  150.203  150.134  150.154              -0.000313         0.000013   -0.000326        0.000460      0.000460
2022-10-21 01:00:00+00:00    CLEAN  150.156  150.191  150.149  150.186               0.000213         0.000013    0.000200        0.000280      0.000280
2022-10-21 01:00:00+00:00  CURRENT  150.156  150.191  150.149  150.186               0.000213         0.000013    0.000200        0.000280      0.000280
2022-10-21 01:15:00+00:00    CLEAN  150.184  150.216  150.170  150.203               0.000113        -0.000013    0.000127        0.000306      0.000306
2022-10-21 01:15:00+00:00  CURRENT  150.184  150.216  150.170  150.203               0.000113        -0.000013    0.000127        0.000306      0.000306
2022-10-21 01:30:00+00:00    CLEAN  150.204  150.254  150.203  150.245               0.000280         0.000007    0.000273        0.000340      0.000340
2022-10-21 01:30:00+00:00  CURRENT  150.204  150.254  150.203  150.245               0.000280         0.000007    0.000273        0.000340      0.000340
2022-10-21 01:45:00+00:00    CLEAN  150.245  150.253  150.218  150.233              -0.000080         0.000000   -0.000080        0.000233      0.000233
2022-10-21 01:45:00+00:00  CURRENT  150.245  150.253  150.218  150.233              -0.000080         0.000000   -0.000080        0.000233      0.000233
2022-10-21 02:00:00+00:00    CLEAN  150.234  150.274  150.232  150.237               0.000027         0.000007    0.000020        0.000280      0.000280
2022-10-21 02:00:00+00:00  CURRENT  150.234  150.274  150.232  150.237               0.000027         0.000007    0.000020        0.000280      0.000280
2022-10-21 02:15:00+00:00    CLEAN  150.236  150.257  150.224  150.249               0.000080        -0.000007    0.000087        0.000220      0.000220
2022-10-21 02:15:00+00:00  CURRENT  150.236  150.257  150.224  150.249               0.000080        -0.000007    0.000087        0.000220      0.000220
2022-10-21 02:30:00+00:00    CLEAN  150.249  150.258  150.222  150.236              -0.000087         0.000000   -0.000087        0.000240      0.000240
2022-10-21 02:30:00+00:00  CURRENT  150.249  150.258  150.222  150.236              -0.000087         0.000000   -0.000087        0.000240      0.000240
2022-10-21 02:45:00+00:00  CURRENT  150.236  150.283  150.230  150.255               0.000126         0.000000    0.000126        0.000353      0.000353
2022-10-21 02:45:00+00:00    CLEAN  150.236  150.283  150.230  150.255               0.000126         0.000000    0.000126        0.000353      0.000353
2022-10-21 03:00:00+00:00    CLEAN  150.255  150.271  150.223  150.230              -0.000166         0.000000   -0.000166        0.000320      0.000320
2022-10-21 03:00:00+00:00  CURRENT  150.255  150.271  150.223  150.230              -0.000166         0.000000   -0.000166        0.000320      0.000320
2022-10-21 03:15:00+00:00  CURRENT  150.228  150.271  150.228  150.260               0.000200        -0.000013    0.000213        0.000286      0.000286
2022-10-21 03:15:00+00:00    CLEAN  150.228  150.271  150.228  150.260               0.000200        -0.000013    0.000213        0.000286      0.000286
2022-10-21 03:30:00+00:00    CLEAN  150.262  150.379  150.261  150.369               0.000725         0.000013    0.000712        0.000785      0.000785
2022-10-21 03:30:00+00:00  CURRENT  150.262  150.379  150.261  150.369               0.000725         0.000013    0.000712        0.000785      0.000785
2022-10-21 03:45:00+00:00    CLEAN  150.370  150.370  150.315  150.356              -0.000086         0.000007   -0.000093        0.000366      0.000366
2022-10-21 03:45:00+00:00  CURRENT  150.370  150.370  150.315  150.356              -0.000086         0.000007   -0.000093        0.000366      0.000366
2022-10-21 04:00:00+00:00    CLEAN  150.359  150.431  150.346  150.411               0.000366         0.000020    0.000346        0.000565      0.000565
2022-10-21 04:00:00+00:00  CURRENT  150.359  150.431  150.346  150.411               0.000366         0.000020    0.000346        0.000565      0.000565
2022-10-21 04:15:00+00:00    CLEAN  150.411  150.428  150.369  150.380              -0.000206         0.000000   -0.000206        0.000392      0.000392
2022-10-21 04:15:00+00:00  CURRENT  150.411  150.428  150.369  150.380              -0.000206         0.000000   -0.000206        0.000392      0.000392
2022-10-21 04:30:00+00:00    CLEAN  150.380  150.417  150.369  150.403               0.000153         0.000000    0.000153        0.000319      0.000319
2022-10-21 04:30:00+00:00  CURRENT  150.380  150.417  150.369  150.403               0.000153         0.000000    0.000153        0.000319      0.000319
2022-10-21 04:45:00+00:00  CURRENT  150.403  150.417  150.384  150.385              -0.000120         0.000000   -0.000120        0.000219      0.000219
2022-10-21 04:45:00+00:00    CLEAN  150.403  150.417  150.384  150.385              -0.000120         0.000000   -0.000120        0.000219      0.000219
2022-10-21 05:00:00+00:00  CURRENT  150.385  150.402  150.370  150.380              -0.000033         0.000000   -0.000033        0.000213      0.000213
2022-10-21 05:00:00+00:00    CLEAN  150.385  150.402  150.370  150.380              -0.000033         0.000000   -0.000033        0.000213      0.000213
2022-10-21 05:15:00+00:00  CURRENT  150.380  150.404  150.371  150.394               0.000093         0.000000    0.000093        0.000219      0.000219
2022-10-21 05:15:00+00:00    CLEAN  150.380  150.404  150.371  150.394               0.000093         0.000000    0.000093        0.000219      0.000219
2022-10-21 05:30:00+00:00  CURRENT  150.394  150.396  150.355  150.359              -0.000233         0.000000   -0.000233        0.000273      0.000273
2022-10-21 05:30:00+00:00    CLEAN  150.394  150.396  150.355  150.359              -0.000233         0.000000   -0.000233        0.000273      0.000273
2022-10-21 05:45:00+00:00  CURRENT  150.355  150.379  150.348  150.354              -0.000033        -0.000027   -0.000007        0.000206      0.000206
2022-10-21 05:45:00+00:00    CLEAN  150.355  150.379  150.348  150.354              -0.000033        -0.000027   -0.000007        0.000206      0.000206
2022-10-21 06:00:00+00:00  CURRENT  150.354  150.385  150.291  150.359               0.000033         0.000000    0.000033        0.000625      0.000625
2022-10-21 06:00:00+00:00    CLEAN  150.354  150.385  150.291  150.359               0.000033         0.000000    0.000033        0.000625      0.000625
2022-10-21 06:15:00+00:00  CURRENT  150.361  150.428  150.348  150.410               0.000339         0.000013    0.000326        0.000532      0.000532
2022-10-21 06:15:00+00:00    CLEAN  150.361  150.428  150.348  150.410               0.000339         0.000013    0.000326        0.000532      0.000532
2022-10-21 06:30:00+00:00  CURRENT  150.411  150.453  150.376  150.386              -0.000160         0.000007   -0.000166        0.000512      0.000512
2022-10-21 06:30:00+00:00    CLEAN  150.411  150.453  150.376  150.386              -0.000160         0.000007   -0.000166        0.000512      0.000512
2022-10-21 06:45:00+00:00  CURRENT  150.386  150.431  150.365  150.421               0.000233         0.000000    0.000233        0.000439      0.000439
2022-10-21 06:45:00+00:00    CLEAN  150.386  150.431  150.365  150.421               0.000233         0.000000    0.000233        0.000439      0.000439
2022-10-21 07:00:00+00:00  CURRENT  150.421  150.463  150.399  150.442               0.000140         0.000000    0.000140        0.000426      0.000426
2022-10-21 07:00:00+00:00    CLEAN  150.421  150.463  150.399  150.442               0.000140         0.000000    0.000140        0.000426      0.000426
2022-10-21 07:15:00+00:00    CLEAN  150.445  150.445  150.354  150.381              -0.000405         0.000020   -0.000425        0.000605      0.000605
2022-10-21 07:15:00+00:00  CURRENT  150.445  150.445  150.354  150.381              -0.000405         0.000020   -0.000425        0.000605      0.000605
2022-10-21 07:30:00+00:00    CLEAN  150.382  150.443  150.366  150.422               0.000273         0.000007    0.000266        0.000512      0.000512
2022-10-21 07:30:00+00:00  CURRENT  150.382  150.443  150.366  150.422               0.000273         0.000007    0.000266        0.000512      0.000512
2022-10-21 07:45:00+00:00    CLEAN  150.423  150.484  150.420  150.476               0.000359         0.000007    0.000352        0.000425      0.000425
2022-10-21 07:45:00+00:00  CURRENT  150.423  150.484  150.420  150.476               0.000359         0.000007    0.000352        0.000425      0.000425
2022-10-21 08:00:00+00:00    CLEAN  150.477  150.635  150.387  150.576               0.000665         0.000007    0.000658        0.001649      0.001649
2022-10-21 08:00:00+00:00  CURRENT  150.477  150.635  150.387  150.576               0.000665         0.000007    0.000658        0.001649      0.001649
2022-10-21 08:15:00+00:00    CLEAN  150.575  150.769  150.568  150.716               0.000930        -0.000007    0.000936        0.001335      0.001335
2022-10-21 08:15:00+00:00  CURRENT  150.575  150.769  150.568  150.716               0.000930        -0.000007    0.000936        0.001335      0.001335
2022-10-21 08:30:00+00:00    CLEAN  150.717  150.880  150.717  150.860               0.000955         0.000007    0.000949        0.001081      0.001081
2022-10-21 08:30:00+00:00  CURRENT  150.717  150.880  150.717  150.860               0.000955         0.000007    0.000949        0.001081      0.001081
2022-10-21 08:45:00+00:00  CURRENT  150.862  150.946  150.846  150.935               0.000497         0.000013    0.000484        0.000663      0.000663
2022-10-21 08:45:00+00:00    CLEAN  150.862  150.946  150.846  150.935               0.000497         0.000013    0.000484        0.000663      0.000663
2022-10-21 09:00:00+00:00  CURRENT  150.934  150.966  150.781  150.915              -0.000133        -0.000007   -0.000126        0.001227      0.001227
2022-10-21 09:00:00+00:00    CLEAN  150.934  150.966  150.781  150.915              -0.000133        -0.000007   -0.000126        0.001227      0.001227
2022-10-21 09:15:00+00:00    CLEAN  150.915  150.955  150.851  150.891              -0.000159         0.000000   -0.000159        0.000689      0.000689
2022-10-21 09:15:00+00:00  CURRENT  150.915  150.955  150.851  150.891              -0.000159         0.000000   -0.000159        0.000689      0.000689
2022-10-21 09:30:00+00:00  CURRENT  150.891  150.962  150.875  150.938               0.000311         0.000000    0.000311        0.000577      0.000577
2022-10-21 09:30:00+00:00    CLEAN  150.891  150.962  150.875  150.938               0.000311         0.000000    0.000311        0.000577      0.000577
2022-10-21 09:45:00+00:00  CURRENT  150.939  150.981  150.934  150.953               0.000099         0.000007    0.000093        0.000311      0.000311
2022-10-21 09:45:00+00:00    CLEAN  150.939  150.981  150.934  150.953               0.000099         0.000007    0.000093        0.000311      0.000311
2022-10-21 10:00:00+00:00  CURRENT  150.956  150.982  150.903  150.974               0.000139         0.000020    0.000119        0.000524      0.000524
2022-10-21 10:00:00+00:00    CLEAN  150.956  150.982  150.903  150.974               0.000139         0.000020    0.000119        0.000524      0.000524
2022-10-21 10:15:00+00:00  CURRENT  150.975  151.076  150.899  151.045               0.000470         0.000007    0.000464        0.001173      0.001173
2022-10-21 10:15:00+00:00    CLEAN  150.975  151.076  150.899  151.045               0.000470         0.000007    0.000464        0.001173      0.001173
2022-10-21 10:30:00+00:00    CLEAN  151.045  151.282  151.025  151.257               0.001404         0.000000    0.001404        0.001702      0.001702
2022-10-21 10:30:00+00:00  CURRENT  151.045  151.282  151.025  151.257               0.001404         0.000000    0.001404        0.001702      0.001702
2022-10-21 10:45:00+00:00  CURRENT  151.257  151.359  151.255  151.337               0.000529         0.000000    0.000529        0.000688      0.000688
2022-10-21 10:45:00+00:00    CLEAN  151.257  151.359  151.255  151.337               0.000529         0.000000    0.000529        0.000688      0.000688
2022-10-21 11:00:00+00:00  CURRENT  151.337  151.564  151.317  151.560               0.001474         0.000000    0.001474        0.001632      0.001632
2022-10-21 11:00:00+00:00    CLEAN  151.337  151.564  151.317  151.560               0.001474         0.000000    0.001474        0.001632      0.001632
2022-10-21 11:15:00+00:00    CLEAN  151.560  151.587  151.393  151.493              -0.000442         0.000000   -0.000442        0.001281      0.001281
2022-10-21 11:15:00+00:00  CURRENT  151.560  151.587  151.393  151.493              -0.000442         0.000000   -0.000442        0.001281      0.001281
2022-10-21 11:30:00+00:00    CLEAN  151.491  151.558  151.458  151.540               0.000310        -0.000013    0.000323        0.000660      0.000660
2022-10-21 11:30:00+00:00  CURRENT  151.491  151.558  151.458  151.540               0.000310        -0.000013    0.000323        0.000660      0.000660
2022-10-21 11:45:00+00:00    CLEAN  151.540  151.571  151.504  151.518              -0.000145         0.000000   -0.000145        0.000442      0.000442
2022-10-21 11:45:00+00:00  CURRENT  151.540  151.571  151.504  151.518              -0.000145         0.000000   -0.000145        0.000442      0.000442
2022-10-21 12:00:00+00:00    CLEAN  151.516  151.696  151.498  151.684               0.001096        -0.000013    0.001109        0.001307      0.001307
2022-10-21 12:00:00+00:00  CURRENT  151.516  151.696  151.498  151.684               0.001096        -0.000013    0.001109        0.001307      0.001307
2022-10-21 12:15:00+00:00    CLEAN  151.685  151.835  151.685  151.812               0.000844         0.000007    0.000837        0.000989      0.000989
2022-10-21 12:15:00+00:00  CURRENT  151.685  151.835  151.685  151.812               0.000844         0.000007    0.000837        0.000989      0.000989
2022-10-21 12:30:00+00:00    CLEAN  151.814  151.941  151.578  151.793              -0.000125         0.000013   -0.000138        0.002395      0.002395
2022-10-21 12:30:00+00:00  CURRENT  151.814  151.941  151.578  151.793              -0.000125         0.000013   -0.000138        0.002395      0.002395
2022-10-21 12:45:00+00:00  CURRENT  151.794  151.884  151.045  151.469              -0.002134         0.000007   -0.002141        0.005555      0.005555
2022-10-21 12:45:00+00:00    CLEAN  151.794  151.884  151.045  151.469              -0.002134         0.000007   -0.002141        0.005555      0.005555
2022-10-21 13:00:00+00:00  CURRENT  151.473  151.622  151.060  151.595               0.000832         0.000026    0.000805        0.003720      0.003720
2022-10-21 13:00:00+00:00    CLEAN  151.473  151.622  151.060  151.595               0.000832         0.000026    0.000805        0.003720      0.003720
2022-10-21 13:15:00+00:00  CURRENT  151.595  151.684  151.457  151.527              -0.000449         0.000000   -0.000449        0.001499      0.001499
2022-10-21 13:15:00+00:00    CLEAN  151.595  151.684  151.457  151.527              -0.000449         0.000000   -0.000449        0.001499      0.001499
2022-10-21 13:30:00+00:00  CURRENT  151.528  151.652  151.375  151.478              -0.000323         0.000007   -0.000330        0.001830      0.001830
2022-10-21 13:30:00+00:00    CLEAN  151.528  151.652  151.375  151.478              -0.000323         0.000007   -0.000330        0.001830      0.001830
2022-10-21 13:45:00+00:00  CURRENT  151.478  151.480  151.277  151.335              -0.000944         0.000000   -0.000944        0.001342      0.001342
2022-10-21 13:45:00+00:00    CLEAN  151.478  151.480  151.277  151.335              -0.000944         0.000000   -0.000944        0.001342      0.001342
2022-10-21 14:00:00+00:00  CURRENT  151.329  151.381  151.116  151.254              -0.000535        -0.000040   -0.000496        0.001754      0.001754
2022-10-21 14:00:00+00:00    CLEAN  151.329  151.381  151.116  151.254              -0.000535        -0.000040   -0.000496        0.001754      0.001754
2022-10-21 14:15:00+00:00  CURRENT  151.253  151.562  151.247  151.551               0.001964        -0.000007    0.001970        0.002083      0.002083
2022-10-21 14:15:00+00:00    CLEAN  151.253  151.562  151.247  151.551               0.001964        -0.000007    0.001970        0.002083      0.002083
2022-10-21 14:30:00+00:00  CURRENT  151.551  151.639  150.288  150.464              -0.007173         0.000000   -0.007173        0.008989      0.008989
2022-10-21 14:30:00+00:00    CLEAN  151.551  151.639  150.288  150.464              -0.007173         0.000000   -0.007173        0.008989      0.008989
2022-10-21 14:45:00+00:00    CLEAN  150.459  150.572  148.956  150.084              -0.002526        -0.000033   -0.002492        0.010849      0.010849
2022-10-21 14:45:00+00:00  CURRENT  150.459  150.572  148.956  150.084              -0.002526        -0.000033   -0.002492        0.010849      0.010849
2022-10-21 15:00:00+00:00  CURRENT  150.081  150.100  148.025  148.153              -0.012866        -0.000020   -0.012846        0.014018      0.014018
2022-10-21 15:00:00+00:00    CLEAN  150.081  150.100  148.025  148.153              -0.012866        -0.000020   -0.012846        0.014018      0.014018
2022-10-21 15:15:00+00:00  CURRENT  148.174  148.741  147.155  148.218               0.000439         0.000142    0.000297        0.010778      0.010778
2022-10-21 15:15:00+00:00    CLEAN  148.174  148.741  147.155  148.218               0.000439         0.000142    0.000297        0.010778      0.010778
2022-10-21 15:30:00+00:00    CLEAN  148.242  148.645  147.415  147.850              -0.002483         0.000162   -0.002644        0.008344      0.008344
2022-10-21 15:30:00+00:00  CURRENT  148.242  148.645  147.415  147.850              -0.002483         0.000162   -0.002644        0.008344      0.008344
2022-10-21 15:45:00+00:00    CLEAN  147.850  147.868  146.254  146.304              -0.010457         0.000000   -0.010457        0.011036      0.011036
2022-10-21 15:45:00+00:00  CURRENT  147.850  147.868  146.254  146.304              -0.010457         0.000000   -0.010457        0.011036      0.011036
2022-10-21 16:00:00+00:00    CLEAN  146.312  147.589  146.182  147.414               0.007587         0.000055    0.007532        0.009625      0.009625
2022-10-21 16:00:00+00:00  CURRENT  146.312  147.589  146.182  147.414               0.007587         0.000055    0.007532        0.009625      0.009625
2022-10-21 16:15:00+00:00  CURRENT  147.413  148.127  146.949  147.235              -0.001214        -0.000007   -0.001207        0.008016      0.008016
2022-10-21 16:15:00+00:00    CLEAN  147.413  148.127  146.949  147.235              -0.001214        -0.000007   -0.001207        0.008016      0.008016
2022-10-21 16:30:00+00:00    CLEAN  147.235  147.286  146.759  147.105              -0.000883         0.000000   -0.000883        0.003591      0.003591
2022-10-21 16:30:00+00:00  CURRENT  147.235  147.286  146.759  147.105              -0.000883         0.000000   -0.000883        0.003591      0.003591
2022-10-21 16:45:00+00:00  CURRENT  147.103  147.381  146.824  147.243               0.000938        -0.000014    0.000952        0.003794      0.003794
2022-10-21 16:45:00+00:00    CLEAN  147.103  147.381  146.824  147.243               0.000938        -0.000014    0.000952        0.003794      0.003794
2022-10-21 17:00:00+00:00  CURRENT  147.245  147.447  147.123  147.325               0.000557         0.000014    0.000543        0.002202      0.002202
2022-10-21 17:00:00+00:00    CLEAN  147.245  147.447  147.123  147.325               0.000557         0.000014    0.000543        0.002202      0.002202
2022-10-21 17:15:00+00:00  CURRENT  147.326  147.917  147.313  147.828               0.003414         0.000007    0.003407        0.004100      0.004100
2022-10-21 17:15:00+00:00    CLEAN  147.326  147.917  147.313  147.828               0.003414         0.000007    0.003407        0.004100      0.004100
2022-10-21 17:30:00+00:00  CURRENT  147.829  148.187  147.779  148.180               0.002381         0.000007    0.002374        0.002761      0.002761
2022-10-21 17:30:00+00:00    CLEAN  147.829  148.187  147.779  148.180               0.002381         0.000007    0.002374        0.002761      0.002761
2022-10-21 17:45:00+00:00  CURRENT  148.180  148.443  148.138  148.393               0.001437         0.000000    0.001437        0.002059      0.002059
2022-10-21 17:45:00+00:00    CLEAN  148.180  148.443  148.138  148.393               0.001437         0.000000    0.001437        0.002059      0.002059
2022-10-21 18:00:00+00:00    CLEAN  148.392  148.448  147.735  148.319              -0.000499        -0.000007   -0.000492        0.004826      0.004826
2022-10-21 18:00:00+00:00  CURRENT  148.392  148.448  147.735  148.319              -0.000499        -0.000007   -0.000492        0.004826      0.004826
2022-10-21 18:15:00+00:00  CURRENT  148.321  148.448  148.179  148.399               0.000539         0.000013    0.000526        0.001815      0.001815
2022-10-21 18:15:00+00:00    CLEAN  148.321  148.448  148.179  148.399               0.000539         0.000013    0.000526        0.001815      0.001815
2022-10-21 18:30:00+00:00  CURRENT  148.403  148.413  147.766  147.793              -0.004084         0.000027   -0.004110        0.004379      0.004379
2022-10-21 18:30:00+00:00    CLEAN  148.403  148.413  147.766  147.793              -0.004084         0.000027   -0.004110        0.004379      0.004379

==============================================================================================================
DATA INTEGRITY SUMMARY
==============================================================================================================

                             metric   value
0                          RAW rows  275704
1                   Exact-grid rows  266509
2                     Off-grid rows    9195
3              Clean candidate rows  266509
4    Exact-grid duplicate conflicts       0
5                 OHLC invalid rows       0
6                 Current moves >2%     363
7                   Clean moves >2%     235
8                 Current moves >5%     355
9                   Clean moves >5%     227
10  Bars modified by prior resample    4592

==============================================================================================================
FINAL DATA INTEGRITY DECISION
==============================================================================================================
Raw source: bars_raw
Decision: MANUAL_REVIEW_REQUIRED

- Exact-grid candidate still contains >5% 15-minute price moves.

Do not rerun the strategy yet.
The original source itself still contains suspicious data and needs further diagnosis.

==============================================================================================================
DATA INTEGRITY AUDIT COMPLETE
==============================================================================================================
Created:
bars_clean_candidate
bars_offgrid_quarantine
DATA_INTEGRITY_SUMMARY
DATA_INTEGRITY_CHANGED_BARS
DATA_INTEGRITY_OFFGRID_COMPARE
DATA_INTEGRITY_CLEAN_EXTREME

Saved folder: data_integrity_audit
