
==============================================================================================================
TOP EXTREME >5% GAPS
==============================================================================================================

                                 open        high         low       close  prev_close  open_gap  close_gap  bar_return  intrabar_range   next_open  next_close  next_gap  extreme_gap  immediate_reversal
timestamp
2025-01-08 13:30:00+00:00  158.329000  158.372000  158.172000  158.288000  141.879838  0.115937   0.115648   -0.000259        0.001264  158.289000  158.219000  0.000006         True               False
2025-01-08 15:45:00+00:00  158.365000  158.418000  158.337000  158.371000  141.919719  0.115877   0.115920    0.000038        0.000512  158.371000  158.400000  0.000000         True               False
2025-01-08 15:00:00+00:00  158.349000  158.350000  158.226000  158.230000  141.985886  0.115245   0.114407   -0.000752        0.000784  142.132307  142.090600 -0.101736         True                True
2025-01-09 21:15:00+00:00  158.100000  158.111000  158.081000  158.085000  141.807967  0.114888   0.114782   -0.000095        0.000190  141.822580  141.877047 -0.102871         True                True
2025-01-09 21:45:00+00:00  158.120000  158.146000  158.106000  158.109000  141.877047  0.114486   0.114409   -0.000070        0.000253  158.040000  158.071000 -0.000436         True               False
2025-01-09 18:00:00+00:00  158.106000  158.162000  158.094000  158.133000  141.888967  0.114294   0.114484    0.000171        0.000430  141.830871  141.907206 -0.103091         True                True
2025-01-09 18:30:00+00:00  158.107000  158.109000  158.070000  158.080000  141.907206  0.114158   0.113967   -0.000171        0.000247  142.259094  142.246659 -0.100082         True                True
2025-01-08 18:15:00+00:00  158.429000  158.450000  158.380000  158.406000  142.388076  0.112656   0.112495   -0.000145        0.000442  158.407000  158.437000  0.000006         True               False
2025-01-09 19:30:00+00:00  158.090000  158.121000  158.081000  158.109000  142.126751  0.112317   0.112451    0.000120        0.000253  158.106000  158.112000 -0.000019         True               False
2025-01-09 22:45:00+00:00  158.129000  158.174000  158.120000  158.124000  142.175100  0.112213   0.112178   -0.000032        0.000342  142.543993  142.573164 -0.098530         True                True
2025-01-09 20:30:00+00:00  158.099000  158.112000  158.082000  158.084000  142.181166  0.111955   0.111849   -0.000095        0.000190  158.084000  158.121000  0.000000         True               False
2025-01-08 12:30:00+00:00  158.447000  158.547000  158.435000  158.477000  142.501424  0.111898   0.112108    0.000189        0.000707  158.479000  158.503000  0.000013         True               False
2025-01-10 00:30:00+00:00  158.148000  158.204000  158.138000  158.151000  142.256107  0.111713   0.111734    0.000019        0.000417  158.151000  157.998000  0.000000         True               False
2025-01-08 11:30:00+00:00  158.447000  158.550000  158.447000  158.472000  142.529632  0.111678   0.111853    0.000158        0.000650  142.460776  142.398858 -0.101035         True                True
2025-01-08 16:45:00+00:00  158.355000  158.414000  158.308000  158.320000  142.470804  0.111491   0.111245   -0.000221        0.000670  158.320000  158.379000  0.000000         True               False
2025-01-09 19:00:00+00:00  158.072000  158.095000  158.056000  158.095000  142.246659  0.111253   0.111415    0.000146        0.000247  142.158204  142.126751 -0.100805         True                True
2025-01-09 23:45:00+00:00  158.112000  158.112000  158.008000  158.041000  142.301125  0.111109   0.110610   -0.000449        0.000658  158.040000  158.174000 -0.000006         True               False
2025-01-07 15:15:00+00:00  158.329000  158.339000  158.118000  158.173000  142.563299  0.110587   0.109493   -0.000985        0.001398  158.172000  158.112000 -0.000006         True               False
2025-01-10 14:00:00+00:00  158.550000  158.653000  158.487000  158.565000  142.795338  0.110330   0.110435    0.000095        0.001047  158.568000  158.225000  0.000019         True               False
2025-01-09 17:00:00+00:00  158.013000  158.059000  157.984000  158.050000  142.474803  0.109059   0.109319    0.000234        0.000475  158.049000  158.122000 -0.000006         True               False
2025-01-10 08:15:00+00:00  158.415000  158.422000  158.320000  158.344000  142.878124  0.108742   0.108245   -0.000448        0.000644  158.344000  157.862000  0.000000         True               False
2025-01-09 09:15:00+00:00  158.097000  158.114000  158.056000  158.085000  142.593938  0.108722   0.108638   -0.000076        0.000367  142.570610  142.667895 -0.098140         True                True
2025-01-09 23:15:00+00:00  158.067000  158.093000  158.053000  158.092000  142.573164  0.108673   0.108848    0.000158        0.000253  142.199370  142.301125 -0.100528         True                True
2025-01-08 10:45:00+00:00  158.305000  158.347000  158.289000  158.324000  142.789680  0.108659   0.108792    0.000120        0.000366  142.794736  142.803680 -0.098085         True                True
2025-01-07 18:30:00+00:00  157.687000  157.914000  157.682000  157.881000  142.242670  0.108577   0.109941    0.001230        0.001471  157.882000  157.841000  0.000006         True               False
2025-01-09 09:45:00+00:00  158.102000  158.115000  158.053000  158.083000  142.667895  0.108182   0.108049   -0.000120        0.000392  158.082000  158.030000 -0.000006         True               False
2025-01-08 19:15:00+00:00  158.481000  158.482000  158.353000  158.364000  143.065445  0.107752   0.106934   -0.000738        0.000815  143.139649  143.094853 -0.096135         True                True
2025-01-08 01:00:00+00:00  158.167000  158.170000  157.990000  158.017000  142.800350  0.107609   0.106559   -0.000948        0.001139  158.017000  157.980000  0.000000         True               False
2025-01-09 10:45:00+00:00  158.081000  158.090000  157.980000  157.993000  142.732695  0.107532   0.106915   -0.000557        0.000696  142.934372  142.916530 -0.095312         True                True
2025-01-09 16:30:00+00:00  157.951000  157.968000  157.922000  157.922000  142.619935  0.107496   0.107293   -0.000184        0.000291  142.496214  142.474803 -0.097680         True                True
2025-01-10 02:45:00+00:00  158.243000  158.280000  158.233000  158.263000  142.899462  0.107373   0.107513    0.000126        0.000297  158.263000  158.267000  0.000000         True               False
2025-01-08 09:30:00+00:00  158.147000  158.184000  158.094000  158.172000  142.848023  0.107100   0.107275    0.000158        0.000569  158.172000  158.161000  0.000000         True               False
2025-01-08 20:15:00+00:00  158.426000  158.426000  158.392000  158.420000  143.156527  0.106663   0.106621   -0.000038        0.000215  158.421000  158.343000  0.000006         True               False
2025-01-10 12:30:00+00:00  157.956000  157.967000  157.923000  157.951000  142.731924  0.106662   0.106627   -0.000032        0.000279  157.939000  157.989000 -0.000076         True               False
2025-01-07 16:30:00+00:00  158.003000  158.024000  157.619000  157.794000  142.797294  0.106485   0.105021   -0.001323        0.002569  157.793000  157.832000 -0.000006         True               False
2025-01-07 19:15:00+00:00  157.796000  157.837000  157.770000  157.781000  142.652810  0.106154   0.106049   -0.000095        0.000425  157.780000  157.779000 -0.000006         True               False
2025-01-09 11:30:00+00:00  157.952000  157.973000  157.838000  157.843000  142.804718  0.106070   0.105307   -0.000690        0.000855  157.842000  157.905000 -0.000006         True               False
2025-01-10 19:45:00+00:00  157.836000  157.879000  157.806000  157.869000  142.714209  0.105959   0.106190    0.000209        0.000463  157.869000  157.857000  0.000000         True               False
2025-01-10 18:15:00+00:00  157.859000  157.912000  157.846000  157.908000  142.777392  0.105630   0.105973    0.000310        0.000418  142.636900  142.692740 -0.096709         True                True
2025-01-07 23:45:00+00:00  158.189000  158.239000  158.140000  158.223000  143.093825  0.105491   0.105729    0.000215        0.000626  158.220000  158.131000 -0.000019         True               False
2025-01-09 13:15:00+00:00  157.732000  157.845000  157.707000  157.733000  142.685362  0.105453   0.105460    0.000006        0.000875  157.731000  157.602000 -0.000013         True               False
2025-01-10 03:45:00+00:00  158.222000  158.248000  158.179000  158.232000  143.180072  0.105056   0.105126    0.000063        0.000436  158.234000  158.324000  0.000013         True               False
2025-01-10 09:30:00+00:00  157.742000  157.857000  157.742000  157.821000  142.761692  0.104932   0.105486    0.000501        0.000729  157.821000  157.929000  0.000000         True               False
2025-01-10 15:00:00+00:00  157.933000  158.162000  157.604000  157.653000  142.947412  0.104833   0.102874   -0.001773        0.003541  157.652000  157.375000 -0.000006         True               False
2025-01-08 14:45:00+00:00  141.774228  142.015886  141.744228  141.985886  158.365000 -0.104763  -0.103426    0.001493        0.001917  158.349000  158.230000  0.115245         True                True
2025-01-09 07:45:00+00:00  158.037000  158.201000  158.033000  158.190000  143.057816  0.104707   0.105777    0.000968        0.001063  158.187000  158.176000 -0.000019         True               False
2025-01-10 19:15:00+00:00  157.853000  157.943000  157.834000  157.910000  142.896769  0.104665   0.105063    0.000361        0.000691  142.800156  142.714209 -0.095686         True                True
2025-01-10 09:00:00+00:00  157.821000  157.861000  157.622000  157.644000  142.870186  0.104646   0.103407   -0.001122        0.001516  142.708405  142.761692 -0.094743         True                True
2025-01-10 17:30:00+00:00  157.741000  157.741000  157.578000  157.602000  142.813548  0.104524   0.103551   -0.000881        0.001034  157.601000  157.669000 -0.000006         True               False
2025-01-09 15:00:00+00:00  157.819000  157.886000  157.815000  157.861000  142.888906  0.104487   0.104781    0.000266        0.000450  157.860000  157.866000 -0.000006         True               False
2025-01-07 21:30:00+00:00  157.966000  158.052000  157.965000  158.034000  143.024124  0.104471   0.104946    0.000430        0.000551  158.034000  158.012000  0.000000         True               False
2025-01-07 17:30:00+00:00  157.768000  157.768000  157.622000  157.679000  142.880594  0.104195   0.103572   -0.000564        0.000926  157.680000  157.693000  0.000006         True               False
2025-01-07 13:30:00+00:00  157.652000  157.715000  157.627000  157.680000  142.780580  0.104156   0.104352    0.000178        0.000558  157.680000  157.667000  0.000000         True               False
2025-01-08 00:30:00+00:00  157.962000  158.021000  157.898000  158.009000  143.078716  0.104022   0.104350    0.000298        0.000779  142.889246  142.800350 -0.095689         True                True
2025-01-08 13:15:00+00:00  141.895652  141.925652  141.849838  141.879838  158.368000 -0.104013  -0.104113   -0.000111        0.000534  158.329000  158.288000  0.115937         True                True
2025-01-09 06:00:00+00:00  158.057000  158.195000  158.031000  158.153000  143.176142  0.103934   0.104604    0.000607        0.001038  158.154000  158.144000  0.000006         True               False
2025-01-10 11:45:00+00:00  158.122000  158.145000  157.990000  157.993000  143.287832  0.103527   0.102627   -0.000816        0.000981  142.832406  142.840286 -0.095957         True                True
2025-01-09 21:00:00+00:00  141.752363  141.837967  141.722363  141.807967  158.121000 -0.103520  -0.103168    0.000392        0.000816  158.100000  158.085000  0.114888         True                True
2025-01-08 23:00:00+00:00  158.286000  158.393000  158.284000  158.333000  143.451153  0.103414   0.103742    0.000297        0.000689  158.335000  158.343000  0.000013         True               False
2025-01-13 00:30:00+00:00  157.935000  157.963000  157.885000  157.889000  143.136776  0.103385   0.103064   -0.000291        0.000494  143.276150  143.282561 -0.092551         True                True
2025-01-12 22:00:00+00:00  157.596000  157.699000  157.596000  157.698000  142.830875  0.103375   0.104089    0.000647        0.000654  157.699000  157.717000  0.000006         True               False
2025-01-07 12:45:00+00:00  157.811000  157.825000  157.696000  157.740000  143.036039  0.103295   0.102799   -0.000450        0.000818  157.739000  157.616000 -0.000006         True               False
2025-01-09 18:15:00+00:00  141.830871  141.937206  141.800871  141.907206  158.133000 -0.103091  -0.102609    0.000538        0.000961  158.107000  158.080000  0.114158         True                True
2025-01-10 20:45:00+00:00  157.812000  157.860000  157.811000  157.811000  143.064430  0.103083   0.103076   -0.000006        0.000310  157.811000  157.712000  0.000000         True               False
2025-01-08 08:30:00+00:00  158.202000  158.281000  158.169000  158.205000  143.419295  0.103073   0.103094    0.000019        0.000708  158.204000  158.246000 -0.000006         True               False
2025-01-09 21:30:00+00:00  141.822580  141.907047  141.792580  141.877047  158.085000 -0.102871  -0.102527    0.000384        0.000807  158.120000  158.109000  0.114486         True                True
2025-01-08 06:30:00+00:00  158.060000  158.079000  157.989000  158.036000  143.316829  0.102871   0.102704   -0.000152        0.000570  158.037000  158.048000  0.000006         True               False
2025-01-10 06:45:00+00:00  158.334000  158.401000  158.309000  158.325000  143.608028  0.102543   0.102480   -0.000057        0.000581  158.327000  158.310000  0.000013         True               False
2025-01-08 07:45:00+00:00  158.030000  158.133000  158.015000  158.114000  143.342475  0.102465   0.103051    0.000532        0.000747  143.390803  143.455384 -0.093118         True                True
2025-01-07 22:45:00+00:00  158.027000  158.044000  158.016000  158.019000  143.345303  0.102422   0.102366   -0.000051        0.000177  158.034000  158.165000  0.000095         True               False
2025-01-09 20:00:00+00:00  141.967002  142.031279  141.937002  142.001279  158.112000 -0.102111  -0.101894    0.000241        0.000664  142.031811  142.181166  0.000215         True               False
2025-01-08 15:15:00+00:00  142.132307  142.162307  142.060600  142.090600  158.230000 -0.101736  -0.102000   -0.000293        0.000716  141.918409  141.919719 -0.001212         True               False
2025-01-08 18:00:00+00:00  142.291174  142.418076  142.261174  142.388076  158.390000 -0.101640  -0.101029    0.000681        0.001103  158.429000  158.406000  0.112656         True                True
2025-01-09 17:45:00+00:00  142.048913  142.078913  141.858967  141.888967  158.110000 -0.101582  -0.102593   -0.001126        0.001550  158.106000  158.133000  0.114294         True                True
2025-01-08 02:00:00+00:00  157.969000  157.990000  157.933000  157.982000  143.404551  0.101562   0.101653    0.000082        0.000361  157.981000  158.032000 -0.000006         True               False
2025-01-13 01:00:00+00:00  157.789000  157.864000  157.751000  157.821000  143.282561  0.101244   0.101467    0.000203        0.000716  143.372350  143.507611 -0.091551         True                True
2025-01-08 03:45:00+00:00  158.201000  158.204000  158.158000  158.195000  143.661807  0.101204   0.101163   -0.000038        0.000291  158.196000  158.188000  0.000006         True               False
2025-01-10 00:15:00+00:00  142.188655  142.286107  142.158655  142.256107  158.174000 -0.101062  -0.100635    0.000474        0.000897  158.148000  158.151000  0.111713         True                True
2025-01-08 11:45:00+00:00  142.460776  142.490776  142.368858  142.398858  158.472000 -0.101035  -0.101426   -0.000435        0.000856  142.479222  142.699238  0.000564         True               False
2025-01-09 19:15:00+00:00  142.158204  142.188204  142.096751  142.126751  158.095000 -0.100805  -0.101004   -0.000221        0.000644  158.090000  158.109000  0.112317         True                True
2025-01-10 13:45:00+00:00  142.670753  142.825338  142.640753  142.795338  158.661000 -0.100782  -0.099997    0.000873        0.001294  158.550000  158.565000  0.110330         True                True
2025-01-13 05:45:00+00:00  157.335000  157.422000  157.331000  157.406000  142.937698  0.100724   0.101221    0.000451        0.000578  157.405000  157.519000 -0.000006         True               False
2025-01-09 23:30:00+00:00  142.199370  142.331125  142.169370  142.301125  158.092000 -0.100528  -0.099884    0.000716        0.001138  158.112000  158.041000  0.111109         True                True
2025-01-09 22:30:00+00:00  142.254093  142.284093  142.145100  142.175100  158.111000 -0.100290  -0.100789   -0.000555        0.000978  158.129000  158.124000  0.112213         True                True
2025-01-09 18:45:00+00:00  142.259094  142.289094  142.216659  142.246659  158.080000 -0.100082  -0.100160   -0.000087        0.000509  158.072000  158.095000  0.111253         True                True
2025-01-08 16:30:00+00:00  142.550083  142.580083  142.440804  142.470804  158.364000 -0.099858  -0.100359   -0.000556        0.000978  158.355000  158.320000  0.111491         True                True
2025-01-09 00:00:00+00:00  158.186000  158.214000  158.099000  158.118000  143.826173  0.099842   0.099369   -0.000430        0.000727  158.119000  158.189000  0.000006         True               False
2025-01-09 10:15:00+00:00  142.389020  142.448844  142.359020  142.418844  158.030000 -0.098975  -0.098786    0.000209        0.000631  142.535075  142.732695  0.000816         True               False
2025-01-13 05:15:00+00:00  157.504000  157.504000  157.421000  157.421000  143.341595  0.098802   0.098223   -0.000527        0.000527  142.932330  142.937698 -0.092038         True                True
2025-01-09 23:00:00+00:00  142.543993  142.603164  142.513993  142.573164  158.124000 -0.098530  -0.098346    0.000205        0.000626  158.067000  158.092000  0.108673         True                True
2025-01-13 01:30:00+00:00  157.632000  157.635000  157.391000  157.426000  143.507611  0.098423   0.096987   -0.001307        0.001550  157.425000  157.441000 -0.000006         True               False
2025-01-07 11:45:00+00:00  157.686000  157.723000  157.620000  157.711000  143.570979  0.098314   0.098488    0.000159        0.000653  157.710000  157.795000 -0.000006         True               False
2025-01-09 09:30:00+00:00  142.570610  142.697895  142.540610  142.667895  158.085000 -0.098140  -0.097524    0.000682        0.001103  158.102000  158.083000  0.108182         True                True
2025-01-08 11:00:00+00:00  142.794736  142.833680  142.764736  142.803680  158.324000 -0.098085  -0.098029    0.000063        0.000483  142.553690  142.529632 -0.001751         True               False
2025-01-10 21:30:00+00:00  157.734000  157.796000  157.711000  157.746000  143.655275  0.098004   0.098087    0.000076        0.000539  157.748000  157.657000  0.000013         True               False
2025-01-09 03:45:00+00:00  157.953000  158.010000  157.922000  157.971000  143.861563  0.097951   0.098076    0.000114        0.000557  157.972000  157.826000  0.000006         True               False
2025-01-09 16:45:00+00:00  142.496214  142.526214  142.444803  142.474803  157.922000 -0.097680  -0.097815   -0.000150        0.000572  158.013000  158.050000  0.109059         True                True
2025-01-10 08:00:00+00:00  142.936395  142.966395  142.848124  142.878124  158.388000 -0.097555  -0.097923   -0.000408        0.000828  158.415000  158.344000  0.108742         True                True
2025-01-09 16:15:00+00:00  142.616029  142.649935  142.586029  142.619935  157.975000 -0.097224  -0.097199    0.000027        0.000448  157.951000  157.922000  0.107496         True                True
2025-01-08 19:00:00+00:00  143.049374  143.095445  143.019374  143.065445  158.452000 -0.097207  -0.097105    0.000112        0.000532  158.481000  158.364000  0.107752         True                True

==============================================================================================================
IMMEDIATE OPPOSITE >5% REVERSALS
==============================================================================================================

                                 open        high         low       close  prev_close  open_gap  close_gap  bar_return  intrabar_range   next_open  next_close  next_gap  extreme_gap  immediate_reversal
timestamp
2025-01-08 15:00:00+00:00  158.349000  158.350000  158.226000  158.230000  141.985886  0.115245   0.114407   -0.000752        0.000784  142.132307  142.090600 -0.101736         True                True
2025-01-09 21:15:00+00:00  158.100000  158.111000  158.081000  158.085000  141.807967  0.114888   0.114782   -0.000095        0.000190  141.822580  141.877047 -0.102871         True                True
2025-01-09 18:00:00+00:00  158.106000  158.162000  158.094000  158.133000  141.888967  0.114294   0.114484    0.000171        0.000430  141.830871  141.907206 -0.103091         True                True
2025-01-09 18:30:00+00:00  158.107000  158.109000  158.070000  158.080000  141.907206  0.114158   0.113967   -0.000171        0.000247  142.259094  142.246659 -0.100082         True                True
2025-01-09 22:45:00+00:00  158.129000  158.174000  158.120000  158.124000  142.175100  0.112213   0.112178   -0.000032        0.000342  142.543993  142.573164 -0.098530         True                True
2025-01-08 11:30:00+00:00  158.447000  158.550000  158.447000  158.472000  142.529632  0.111678   0.111853    0.000158        0.000650  142.460776  142.398858 -0.101035         True                True
2025-01-09 19:00:00+00:00  158.072000  158.095000  158.056000  158.095000  142.246659  0.111253   0.111415    0.000146        0.000247  142.158204  142.126751 -0.100805         True                True
2025-01-09 09:15:00+00:00  158.097000  158.114000  158.056000  158.085000  142.593938  0.108722   0.108638   -0.000076        0.000367  142.570610  142.667895 -0.098140         True                True
2025-01-09 23:15:00+00:00  158.067000  158.093000  158.053000  158.092000  142.573164  0.108673   0.108848    0.000158        0.000253  142.199370  142.301125 -0.100528         True                True
2025-01-08 10:45:00+00:00  158.305000  158.347000  158.289000  158.324000  142.789680  0.108659   0.108792    0.000120        0.000366  142.794736  142.803680 -0.098085         True                True
2025-01-08 19:15:00+00:00  158.481000  158.482000  158.353000  158.364000  143.065445  0.107752   0.106934   -0.000738        0.000815  143.139649  143.094853 -0.096135         True                True
2025-01-09 10:45:00+00:00  158.081000  158.090000  157.980000  157.993000  142.732695  0.107532   0.106915   -0.000557        0.000696  142.934372  142.916530 -0.095312         True                True
2025-01-09 16:30:00+00:00  157.951000  157.968000  157.922000  157.922000  142.619935  0.107496   0.107293   -0.000184        0.000291  142.496214  142.474803 -0.097680         True                True
2025-01-10 18:15:00+00:00  157.859000  157.912000  157.846000  157.908000  142.777392  0.105630   0.105973    0.000310        0.000418  142.636900  142.692740 -0.096709         True                True
2025-01-08 14:45:00+00:00  141.774228  142.015886  141.744228  141.985886  158.365000 -0.104763  -0.103426    0.001493        0.001917  158.349000  158.230000  0.115245         True                True
2025-01-10 19:15:00+00:00  157.853000  157.943000  157.834000  157.910000  142.896769  0.104665   0.105063    0.000361        0.000691  142.800156  142.714209 -0.095686         True                True
2025-01-10 09:00:00+00:00  157.821000  157.861000  157.622000  157.644000  142.870186  0.104646   0.103407   -0.001122        0.001516  142.708405  142.761692 -0.094743         True                True
2025-01-08 00:30:00+00:00  157.962000  158.021000  157.898000  158.009000  143.078716  0.104022   0.104350    0.000298        0.000779  142.889246  142.800350 -0.095689         True                True
2025-01-08 13:15:00+00:00  141.895652  141.925652  141.849838  141.879838  158.368000 -0.104013  -0.104113   -0.000111        0.000534  158.329000  158.288000  0.115937         True                True
2025-01-10 11:45:00+00:00  158.122000  158.145000  157.990000  157.993000  143.287832  0.103527   0.102627   -0.000816        0.000981  142.832406  142.840286 -0.095957         True                True
2025-01-09 21:00:00+00:00  141.752363  141.837967  141.722363  141.807967  158.121000 -0.103520  -0.103168    0.000392        0.000816  158.100000  158.085000  0.114888         True                True
2025-01-13 00:30:00+00:00  157.935000  157.963000  157.885000  157.889000  143.136776  0.103385   0.103064   -0.000291        0.000494  143.276150  143.282561 -0.092551         True                True
2025-01-09 18:15:00+00:00  141.830871  141.937206  141.800871  141.907206  158.133000 -0.103091  -0.102609    0.000538        0.000961  158.107000  158.080000  0.114158         True                True
2025-01-09 21:30:00+00:00  141.822580  141.907047  141.792580  141.877047  158.085000 -0.102871  -0.102527    0.000384        0.000807  158.120000  158.109000  0.114486         True                True
2025-01-08 07:45:00+00:00  158.030000  158.133000  158.015000  158.114000  143.342475  0.102465   0.103051    0.000532        0.000747  143.390803  143.455384 -0.093118         True                True
2025-01-08 18:00:00+00:00  142.291174  142.418076  142.261174  142.388076  158.390000 -0.101640  -0.101029    0.000681        0.001103  158.429000  158.406000  0.112656         True                True
2025-01-09 17:45:00+00:00  142.048913  142.078913  141.858967  141.888967  158.110000 -0.101582  -0.102593   -0.001126        0.001550  158.106000  158.133000  0.114294         True                True
2025-01-13 01:00:00+00:00  157.789000  157.864000  157.751000  157.821000  143.282561  0.101244   0.101467    0.000203        0.000716  143.372350  143.507611 -0.091551         True                True
2025-01-10 00:15:00+00:00  142.188655  142.286107  142.158655  142.256107  158.174000 -0.101062  -0.100635    0.000474        0.000897  158.148000  158.151000  0.111713         True                True
2025-01-09 19:15:00+00:00  142.158204  142.188204  142.096751  142.126751  158.095000 -0.100805  -0.101004   -0.000221        0.000644  158.090000  158.109000  0.112317         True                True
2025-01-10 13:45:00+00:00  142.670753  142.825338  142.640753  142.795338  158.661000 -0.100782  -0.099997    0.000873        0.001294  158.550000  158.565000  0.110330         True                True
2025-01-09 23:30:00+00:00  142.199370  142.331125  142.169370  142.301125  158.092000 -0.100528  -0.099884    0.000716        0.001138  158.112000  158.041000  0.111109         True                True
2025-01-09 22:30:00+00:00  142.254093  142.284093  142.145100  142.175100  158.111000 -0.100290  -0.100789   -0.000555        0.000978  158.129000  158.124000  0.112213         True                True
2025-01-09 18:45:00+00:00  142.259094  142.289094  142.216659  142.246659  158.080000 -0.100082  -0.100160   -0.000087        0.000509  158.072000  158.095000  0.111253         True                True
2025-01-08 16:30:00+00:00  142.550083  142.580083  142.440804  142.470804  158.364000 -0.099858  -0.100359   -0.000556        0.000978  158.355000  158.320000  0.111491         True                True
2025-01-13 05:15:00+00:00  157.504000  157.504000  157.421000  157.421000  143.341595  0.098802   0.098223   -0.000527        0.000527  142.932330  142.937698 -0.092038         True                True
2025-01-09 23:00:00+00:00  142.543993  142.603164  142.513993  142.573164  158.124000 -0.098530  -0.098346    0.000205        0.000626  158.067000  158.092000  0.108673         True                True
2025-01-09 09:30:00+00:00  142.570610  142.697895  142.540610  142.667895  158.085000 -0.098140  -0.097524    0.000682        0.001103  158.102000  158.083000  0.108182         True                True
2025-01-09 16:45:00+00:00  142.496214  142.526214  142.444803  142.474803  157.922000 -0.097680  -0.097815   -0.000150        0.000572  158.013000  158.050000  0.109059         True                True
2025-01-10 08:00:00+00:00  142.936395  142.966395  142.848124  142.878124  158.388000 -0.097555  -0.097923   -0.000408        0.000828  158.415000  158.344000  0.108742         True                True
2025-01-09 16:15:00+00:00  142.616029  142.649935  142.586029  142.619935  157.975000 -0.097224  -0.097199    0.000027        0.000448  157.951000  157.922000  0.107496         True                True
2025-01-08 19:00:00+00:00  143.049374  143.095445  143.019374  143.065445  158.452000 -0.097207  -0.097105    0.000112        0.000532  158.481000  158.364000  0.107752         True                True
2025-01-07 18:15:00+00:00  142.478454  142.508454  142.212670  142.242670  157.743000 -0.096768  -0.098263   -0.001655        0.002080  157.687000  157.881000  0.108577         True                True
2025-01-07 11:00:00+00:00  157.744000  157.801000  157.718000  157.781000  143.875127  0.096395   0.096652    0.000235        0.000526  143.715909  143.668598 -0.089143         True                True
2025-01-10 02:30:00+00:00  143.000609  143.030609  142.869462  142.899462  158.223000 -0.096208  -0.096848   -0.000707        0.001128  158.243000  158.263000  0.107373         True                True
2025-01-07 19:00:00+00:00  142.698979  142.728979  142.622810  142.652810  157.841000 -0.095932  -0.096225   -0.000324        0.000744  157.796000  157.781000  0.106154         True                True
2025-01-08 09:15:00+00:00  142.926844  142.956844  142.818023  142.848023  158.078000 -0.095846  -0.096345   -0.000551        0.000972  158.147000  158.172000  0.107100         True                True
2025-01-08 00:45:00+00:00  142.889246  142.919246  142.770350  142.800350  158.009000 -0.095689  -0.096252   -0.000622        0.001043  158.167000  158.017000  0.107609         True                True
2025-01-10 19:30:00+00:00  142.800156  142.830156  142.684209  142.714209  157.910000 -0.095686  -0.096231   -0.000602        0.001023  157.836000  157.869000  0.105959         True                True
2025-01-07 16:15:00+00:00  142.863485  142.893485  142.767294  142.797294  157.980000 -0.095686  -0.096105   -0.000463        0.000884  158.003000  157.794000  0.106485         True                True
2025-01-08 00:15:00+00:00  143.081041  143.111041  143.048716  143.078716  158.131000 -0.095174  -0.095189   -0.000016        0.000436  157.962000  158.009000  0.104022         True                True
2025-01-07 23:30:00+00:00  143.105961  143.135961  143.063825  143.093825  158.155000 -0.095154  -0.095230   -0.000085        0.000504  158.189000  158.223000  0.105491         True                True
2025-01-10 08:45:00+00:00  142.844022  142.900186  142.814022  142.870186  157.862000 -0.095134  -0.094968    0.000183        0.000603  157.821000  157.644000  0.104646         True                True
2025-01-09 13:00:00+00:00  142.743332  142.773332  142.655362  142.685362  157.745000 -0.095101  -0.095468   -0.000406        0.000827  157.732000  157.733000  0.105453         True                True
2025-01-07 17:15:00+00:00  142.854157  142.910594  142.824157  142.880594  157.846000 -0.094978  -0.094810    0.000185        0.000605  157.768000  157.679000  0.104195         True                True
2025-01-10 03:30:00+00:00  143.225674  143.255674  143.150072  143.180072  158.235000 -0.094855  -0.095143   -0.000318        0.000738  158.222000  158.232000  0.105056         True                True
2025-01-10 09:15:00+00:00  142.708405  142.791692  142.678405  142.761692  157.644000 -0.094743  -0.094405    0.000373        0.000794  157.742000  157.821000  0.104932         True                True
2025-01-09 14:45:00+00:00  142.836011  142.918906  142.806011  142.888906  157.778000 -0.094703  -0.094367    0.000370        0.000791  157.819000  157.861000  0.104487         True                True
2025-01-10 11:30:00+00:00  143.154245  143.317832  143.124245  143.287832  158.119000 -0.094642  -0.093798    0.000933        0.001353  158.122000  157.993000  0.103527         True                True
2025-01-10 18:00:00+00:00  142.782684  142.812684  142.747392  142.777392  157.669000 -0.094415  -0.094449   -0.000037        0.000457  157.859000  157.908000  0.105630         True                True
2025-01-10 17:15:00+00:00  142.806714  142.843548  142.776714  142.813548  157.626000 -0.094015  -0.093972    0.000048        0.000468  157.741000  157.602000  0.104524         True                True
2025-01-10 20:30:00+00:00  143.085762  143.115762  143.034430  143.064430  157.834000 -0.093441  -0.093577   -0.000149        0.000569  157.812000  157.811000  0.103083         True                True
2025-01-07 12:30:00+00:00  143.059187  143.089187  143.006039  143.036039  157.782000 -0.093311  -0.093458   -0.000162        0.000581  157.811000  157.740000  0.103295         True                True
2025-01-10 06:30:00+00:00  143.584003  143.638028  143.554003  143.608028  158.359000 -0.093301  -0.093149    0.000167        0.000585  158.334000  158.325000  0.102543         True                True
2025-01-10 14:45:00+00:00  143.095117  143.125117  142.917412  142.947412  157.819000 -0.093296  -0.094232   -0.001032        0.001453  157.933000  157.653000  0.104833         True                True
2025-01-08 06:15:00+00:00  143.322814  143.352814  143.286829  143.316829  158.064000 -0.093261  -0.093299   -0.000042        0.000461  158.060000  158.036000  0.102871         True                True
2025-01-07 13:15:00+00:00  142.923255  142.953255  142.750580  142.780580  157.616000 -0.093219  -0.094124   -0.000998        0.001420  157.652000  157.680000  0.104156         True                True
2025-01-07 22:30:00+00:00  143.339865  143.375303  143.309865  143.345303  157.998000 -0.092774  -0.092740    0.000038        0.000457  158.027000  158.019000  0.102422         True                True
2025-01-13 00:45:00+00:00  143.276150  143.312561  143.246150  143.282561  157.889000 -0.092551  -0.092511    0.000045        0.000464  157.789000  157.821000  0.101244         True                True
2025-01-13 05:30:00+00:00  142.932330  142.967698  142.902330  142.937698  157.421000 -0.092038  -0.092004    0.000038        0.000457  157.335000  157.406000  0.100724         True                True
2025-01-08 23:45:00+00:00  143.769831  143.856173  143.739831  143.826173  158.265000 -0.091588  -0.091232    0.000392        0.000809  158.186000  158.118000  0.099842         True                True
2025-01-13 01:15:00+00:00  143.372350  143.537611  143.342350  143.507611  157.821000 -0.091551  -0.090694    0.000943        0.001362  157.632000  157.426000  0.098423         True                True
2025-01-07 07:00:00+00:00  157.754000  157.791000  157.653000  157.699000  144.701364  0.090204   0.089824   -0.000349        0.000875  144.867616  144.871935 -0.081366         True                True
2025-01-13 05:00:00+00:00  143.368527  143.398527  143.311595  143.341595  157.542000 -0.089966  -0.090137   -0.000188        0.000607  157.504000  157.421000  0.098802         True                True
2025-01-10 21:15:00+00:00  143.713062  143.743062  143.625275  143.655275  157.712000 -0.088763  -0.089129   -0.000402        0.000820  157.734000  157.746000  0.098004         True                True
2025-01-13 03:30:00+00:00  143.667855  143.697855  143.578622  143.608622  157.617000 -0.088500  -0.088876   -0.000412        0.000830  157.531000  157.413000  0.096947         True                True
2025-01-07 10:45:00+00:00  143.884098  143.914098  143.845127  143.875127  157.745000 -0.087869  -0.087926   -0.000062        0.000479  157.744000  157.781000  0.096395         True                True
2025-01-13 02:45:00+00:00  143.842332  143.920977  143.812332  143.890977  157.564000 -0.087086  -0.086778    0.000338        0.000755  157.514000  157.579000  0.094676         True                True
2025-01-07 04:00:00+00:00  158.122000  158.153000  158.073000  158.091000  145.745259  0.084920   0.084708   -0.000196        0.000506  145.871258  145.851367 -0.077296         True                True
2025-01-07 06:45:00+00:00  144.860807  144.890807  144.671364  144.701364  157.772000 -0.081835  -0.082845   -0.001101        0.001517  157.754000  157.699000  0.090204         True                True
2025-01-07 08:00:00+00:00  144.660968  144.690968  144.510334  144.540334  157.492000 -0.081471  -0.082237   -0.000834        0.001250  157.427000  157.518000  0.089156         True                True
2025-01-07 07:15:00+00:00  144.867616  144.901935  144.837616  144.871935  157.699000 -0.081366  -0.081339    0.000030        0.000444  157.617000  157.540000  0.087975         True                True
2025-01-07 03:45:00+00:00  145.830733  145.860733  145.715259  145.745259  158.139000 -0.077832  -0.078372   -0.000586        0.000998  158.122000  158.091000  0.084920         True                True
2025-01-07 04:15:00+00:00  145.871258  145.901258  145.821367  145.851367  158.091000 -0.077296  -0.077421   -0.000136        0.000548  158.058000  158.023000  0.083692         True                True
2025-01-06 15:30:00+00:00  157.567000  157.647000  157.528000  157.627000  146.264282  0.077276   0.077686    0.000381        0.000755  146.516869  146.494716 -0.070484         True                True
2025-01-06 18:15:00+00:00  157.618000  157.621000  157.431000  157.448000  146.500003  0.075891   0.074730   -0.001079        0.001207  146.647065  146.624356 -0.068600         True                True
2025-01-07 02:30:00+00:00  146.448240  146.507876  146.418240  146.477876  158.269000 -0.074688  -0.074501    0.000202        0.000612  158.292000  158.278000  0.080655         True                True
2025-01-06 16:45:00+00:00  157.460000  157.610000  157.436000  157.542000  146.737051  0.073076   0.073635    0.000521        0.001105  146.685918  146.651374 -0.068909         True                True
2025-01-07 00:00:00+00:00  146.355507  146.404513  146.325507  146.374513  157.737000 -0.072155  -0.072034    0.000130        0.000540  157.898000  158.135000  0.078726         True                True
2025-01-06 06:30:00+00:00  157.688000  157.704000  157.630000  157.664000  147.106179  0.071933   0.071770   -0.000152        0.000469  147.292569  147.242771 -0.065782         True                True
2025-01-06 13:00:00+00:00  156.783000  156.810000  156.522000  156.522000  146.285129  0.071763   0.069979   -0.001665        0.001840  146.245836  146.341850 -0.065653         True                True
2025-01-06 23:00:00+00:00  146.329214  146.456887  146.299214  146.426887  157.582000 -0.071409  -0.070789    0.000667        0.001078  157.755000  157.773000  0.077364         True                True
2025-01-06 15:45:00+00:00  146.516869  146.546869  146.464716  146.494716  157.627000 -0.070484  -0.070624   -0.000151        0.000561  157.532000  157.485000  0.075343         True                True
2025-01-06 18:00:00+00:00  146.552891  146.582891  146.470003  146.500003  157.507000 -0.069547  -0.069883   -0.000361        0.000771  157.618000  157.448000  0.075891         True                True
2025-01-06 20:45:00+00:00  146.694532  146.724532  146.660996  146.690996  157.611000 -0.069262  -0.069285   -0.000024        0.000433  157.622000  157.630000  0.074517         True                True
2025-01-06 17:00:00+00:00  146.685918  146.715918  146.621374  146.651374  157.542000 -0.068909  -0.069128   -0.000235        0.000645  157.558000  157.525000  0.074371         True                True
2025-01-06 20:00:00+00:00  146.786333  146.900871  146.756333  146.870871  157.544000 -0.068284  -0.067747    0.000576        0.000985  157.522000  157.581000  0.072520         True                True
2025-01-06 16:30:00+00:00  146.692448  146.767051  146.662448  146.737051  157.387000 -0.067951  -0.067667    0.000304        0.000713  157.460000  157.542000  0.073076         True                True
2025-01-06 12:45:00+00:00  146.214455  146.315129  146.184455  146.285129  156.745000 -0.067183  -0.066732    0.000483        0.000894  156.783000  156.522000  0.071763         True                True
2025-01-06 03:45:00+00:00  157.757000  157.780000  157.704000  157.714000  147.829738  0.067153   0.066862   -0.000273        0.000482  147.691953  147.569841 -0.063546         True                True

==============================================================================================================
MOST SUSPICIOUS DAYS
==============================================================================================================

                          date  bars   min_close  max_close  median_close  extreme_gaps  immediate_reversals  max_abs_gap  daily_price_span
2818 2025-01-06 00:00:00+00:00    96  146.264282    157.903    157.496000            47                   22     0.077364          0.079573
2821 2025-01-09 00:00:00+00:00    96  141.807967    158.281    157.913500            43                   23     0.114888          0.116164
2819 2025-01-07 00:00:00+00:00    96  142.242670    158.299    157.746500            42                   19     0.110587          0.112880
2820 2025-01-08 00:00:00+00:00    96  141.879838    158.503    158.130500            39                   16     0.115937          0.117164
2822 2025-01-10 00:00:00+00:00    96  142.256107    158.661    157.859500            35                   19     0.111713          0.115319
2825 2025-01-13 00:00:00+00:00    96  142.937698    157.889    157.422000            14                    9     0.103385          0.104600
2817 2025-01-05 00:00:00+00:00    36  148.359040    157.435    148.754333             6                    4     0.058797          0.061176
2824 2025-01-12 00:00:00+00:00    96  141.350302    157.909    142.804403             1                    0     0.103375          0.117147
2178 2022-12-20 00:00:00+00:00    96  130.863000    137.447    132.350000             0                    0     0.000228          0.050312

==============================================================================================================
SUSPICIOUS MONTHS
==============================================================================================================

       month  bars  extreme_gaps  reversals   min_close  max_close  price_span
108  2025-01  2332           227        112  141.350302    158.661    0.122467

==============================================================================================================
JANUARY 2025 EXTREME EVENTS
==============================================================================================================

                                 open        high         low       close  prev_close  open_gap  close_gap  bar_return  intrabar_range   next_open  next_close  next_gap  extreme_gap  immediate_reversal
timestamp
2025-01-05 22:00:00+00:00  157.180000  157.184000  157.139000  157.154000  148.669944  0.057241   0.057066   -0.000165        0.000286  148.572652  148.533114 -0.054605         True                True
2025-01-05 22:15:00+00:00  148.572652  148.602652  148.503114  148.533114  157.154000 -0.054605  -0.054856   -0.000266        0.000670  157.185000  157.207000  0.058249         True                True
2025-01-05 22:30:00+00:00  157.185000  157.220000  157.185000  157.207000  148.533114  0.058249   0.058397    0.000140        0.000223  157.207000  157.329000  0.000000         True               False
2025-01-05 23:00:00+00:00  148.868020  148.898020  148.722761  148.752761  157.329000 -0.053779  -0.054511   -0.000774        0.001178  157.499000  157.435000  0.058797         True                True
2025-01-05 23:15:00+00:00  157.499000  157.522000  157.431000  157.435000  148.752761  0.058797   0.058367   -0.000406        0.000578  148.344438  148.359040 -0.057742         True                True
2025-01-05 23:30:00+00:00  148.344438  148.389040  148.314438  148.359040  157.435000 -0.057742  -0.057649    0.000098        0.000503  148.484875  148.429298  0.000848         True               False
2025-01-06 00:00:00+00:00  157.505000  157.711000  157.498000  157.698000  148.429298  0.061145   0.062445    0.001225        0.001352  157.697000  157.725000 -0.000006         True               False
2025-01-06 00:30:00+00:00  148.467205  148.500349  148.437205  148.470349  157.725000 -0.058696  -0.058676    0.000021        0.000425  157.754000  157.584000  0.062529         True                True
2025-01-06 00:45:00+00:00  157.754000  157.803000  157.517000  157.584000  148.470349  0.062529   0.061384   -0.001078        0.001816  148.426902  148.434855 -0.058109         True                True
2025-01-06 01:00:00+00:00  148.426902  148.464855  148.396902  148.434855  157.584000 -0.058109  -0.058059    0.000054        0.000458  157.542000  157.601000  0.061354         True                True
2025-01-06 01:15:00+00:00  157.542000  157.618000  157.484000  157.601000  148.434855  0.061354   0.061752    0.000375        0.000851  157.599000  157.634000 -0.000013         True               False
2025-01-06 02:00:00+00:00  147.917977  147.959600  147.887977  147.929600  157.615000 -0.061523  -0.061450    0.000079        0.000484  147.904067  148.032063 -0.000173         True               False
2025-01-06 02:30:00+00:00  157.657000  157.774000  157.656000  157.734000  148.032063  0.065019   0.065539    0.000488        0.000748  157.733000  157.716000 -0.000006         True               False
2025-01-06 03:30:00+00:00  147.891343  147.921343  147.799738  147.829738  157.680000 -0.062079  -0.062470   -0.000417        0.000823  157.757000  157.714000  0.067153         True                True
2025-01-06 03:45:00+00:00  157.757000  157.780000  157.704000  157.714000  147.829738  0.067153   0.066862   -0.000273        0.000482  147.691953  147.569841 -0.063546         True                True
2025-01-06 04:00:00+00:00  147.691953  147.721953  147.539841  147.569841  157.714000 -0.063546  -0.064320   -0.000827        0.001234  147.644873  147.585423  0.000508         True               False
2025-01-06 04:30:00+00:00  157.716000  157.735000  157.681000  157.687000  147.585423  0.068642   0.068446   -0.000184        0.000342  157.687000  157.716000  0.000000         True               False
2025-01-06 05:15:00+00:00  147.290444  147.360641  147.260444  147.330641  157.755000 -0.066334  -0.066079    0.000273        0.000680  147.270347  147.172452 -0.000409         True               False
2025-01-06 06:30:00+00:00  157.688000  157.704000  157.630000  157.664000  147.106179  0.071933   0.071770   -0.000152        0.000469  147.292569  147.242771 -0.065782         True                True
2025-01-06 06:45:00+00:00  147.292569  147.322569  147.212771  147.242771  157.664000 -0.065782  -0.066098   -0.000338        0.000746  147.204572  147.289956 -0.000259         True               False
2025-01-06 07:15:00+00:00  157.618000  157.625000  157.556000  157.562000  147.289956  0.070120   0.069740   -0.000355        0.000438  157.561000  157.616000 -0.000006         True               False
2025-01-06 08:00:00+00:00  147.730470  147.927116  147.700470  147.897116  157.663000 -0.062998  -0.061942    0.001128        0.001534  157.683000  157.705000  0.066167         True                True
2025-01-06 08:15:00+00:00  157.683000  157.763000  157.654000  157.705000  147.897116  0.066167   0.066316    0.000140        0.000691  157.704000  157.742000 -0.000006         True               False
2025-01-06 10:15:00+00:00  146.834298  146.864298  146.735334  146.765334  157.739000 -0.069131  -0.069569   -0.000470        0.000879  146.826620  147.005137  0.000418         True               False
2025-01-06 10:45:00+00:00  157.846000  157.915000  157.839000  157.903000  147.005137  0.073745   0.074133    0.000361        0.000482  157.905000  157.667000  0.000013         True               False
2025-01-06 11:30:00+00:00  146.924644  146.954644  146.892752  146.922752  157.353000 -0.066274  -0.066286   -0.000013        0.000421  157.355000  157.197000  0.071005         True                True
2025-01-06 11:45:00+00:00  157.355000  157.427000  157.163000  157.197000  146.922752  0.071005   0.069930   -0.001004        0.001680  157.198000  157.101000  0.000006         True               False
2025-01-06 12:45:00+00:00  146.214455  146.315129  146.184455  146.285129  156.745000 -0.067183  -0.066732    0.000483        0.000894  156.783000  156.522000  0.071763         True                True
2025-01-06 13:00:00+00:00  156.783000  156.810000  156.522000  156.522000  146.285129  0.071763   0.069979   -0.001665        0.001840  146.245836  146.341850 -0.065653         True                True
2025-01-06 13:15:00+00:00  146.245836  146.371850  146.215836  146.341850  156.522000 -0.065653  -0.065040    0.000657        0.001067  156.300000  156.668000  0.068047         True                True
2025-01-06 13:30:00+00:00  156.300000  156.726000  156.292000  156.668000  146.341850  0.068047   0.070562    0.002354        0.002777  156.667000  156.613000 -0.000006         True               False
2025-01-06 14:00:00+00:00  146.407705  146.470973  146.377705  146.440973  156.613000 -0.065163  -0.064950    0.000227        0.000637  156.797000  157.178000  0.070718         True                True
2025-01-06 14:15:00+00:00  156.797000  157.351000  156.797000  157.178000  146.440973  0.070718   0.073320    0.002430        0.003533  157.178000  157.335000  0.000000         True               False
2025-01-06 15:00:00+00:00  146.368956  146.398956  146.290202  146.320202  157.291000 -0.069438  -0.069748   -0.000333        0.000743  146.126644  146.264282 -0.001323         True               False
2025-01-06 15:30:00+00:00  157.567000  157.647000  157.528000  157.627000  146.264282  0.077276   0.077686    0.000381        0.000755  146.516869  146.494716 -0.070484         True                True
2025-01-06 15:45:00+00:00  146.516869  146.546869  146.464716  146.494716  157.627000 -0.070484  -0.070624   -0.000151        0.000561  157.532000  157.485000  0.075343         True                True
2025-01-06 16:00:00+00:00  157.532000  157.547000  157.417000  157.485000  146.494716  0.075343   0.075022   -0.000298        0.000826  157.482000  157.387000 -0.000019         True               False
2025-01-06 16:30:00+00:00  146.692448  146.767051  146.662448  146.737051  157.387000 -0.067951  -0.067667    0.000304        0.000713  157.460000  157.542000  0.073076         True                True
2025-01-06 16:45:00+00:00  157.460000  157.610000  157.436000  157.542000  146.737051  0.073076   0.073635    0.000521        0.001105  146.685918  146.651374 -0.068909         True                True
2025-01-06 17:00:00+00:00  146.685918  146.715918  146.621374  146.651374  157.542000 -0.068909  -0.069128   -0.000235        0.000645  157.558000  157.525000  0.074371         True                True
2025-01-06 17:15:00+00:00  157.558000  157.561000  157.499000  157.525000  146.651374  0.074371   0.074146   -0.000209        0.000394  157.524000  157.558000 -0.000006         True               False
2025-01-06 18:00:00+00:00  146.552891  146.582891  146.470003  146.500003  157.507000 -0.069547  -0.069883   -0.000361        0.000771  157.618000  157.448000  0.075891         True                True
2025-01-06 18:15:00+00:00  157.618000  157.621000  157.431000  157.448000  146.500003  0.075891   0.074730   -0.001079        0.001207  146.647065  146.624356 -0.068600         True                True
2025-01-06 18:30:00+00:00  146.647065  146.677065  146.594356  146.624356  157.448000 -0.068600  -0.068744   -0.000155        0.000564  146.514622  146.542675 -0.000748         True               False
2025-01-06 19:00:00+00:00  157.536000  157.590000  157.477000  157.583000  146.542675  0.075018   0.075339    0.000298        0.000718  157.582000  157.531000 -0.000006         True               False
2025-01-06 20:00:00+00:00  146.786333  146.900871  146.756333  146.870871  157.544000 -0.068284  -0.067747    0.000576        0.000985  157.522000  157.581000  0.072520         True                True
2025-01-06 20:15:00+00:00  157.522000  157.595000  157.518000  157.581000  146.870871  0.072520   0.072922    0.000375        0.000489  157.581000  157.611000  0.000000         True               False
2025-01-06 20:45:00+00:00  146.694532  146.724532  146.660996  146.690996  157.611000 -0.069262  -0.069285   -0.000024        0.000433  157.622000  157.630000  0.074517         True                True
2025-01-06 21:00:00+00:00  157.622000  157.647000  157.618000  157.630000  146.690996  0.074517   0.074572    0.000051        0.000184  157.630000  157.593000  0.000000         True               False
2025-01-06 22:00:00+00:00  146.531939  146.561939  146.469294  146.499294  157.523000 -0.069774  -0.069982   -0.000223        0.000633  146.495611  146.694194 -0.000025         True               False
2025-01-06 22:30:00+00:00  157.565000  157.573000  157.542000  157.565000  146.694194  0.074105   0.074105    0.000000        0.000197  157.570000  157.582000  0.000032         True               False
2025-01-06 23:00:00+00:00  146.329214  146.456887  146.299214  146.426887  157.582000 -0.071409  -0.070789    0.000667        0.001078  157.755000  157.773000  0.077364         True                True
2025-01-06 23:15:00+00:00  157.755000  157.794000  157.755000  157.773000  146.426887  0.077364   0.077487    0.000114        0.000247  157.772000  157.756000 -0.000006         True               False
2025-01-07 00:00:00+00:00  146.355507  146.404513  146.325507  146.374513  157.737000 -0.072155  -0.072034    0.000130        0.000540  157.898000  158.135000  0.078726         True                True
2025-01-07 00:15:00+00:00  157.898000  158.152000  157.892000  158.135000  146.374513  0.078726   0.080345    0.001501        0.001647  158.134000  158.122000 -0.000006         True               False
2025-01-07 01:30:00+00:00  146.378541  146.408541  146.322572  146.352572  158.299000 -0.075303  -0.075467   -0.000177        0.000588  146.476480  146.461061  0.000847         True               False
2025-01-07 02:00:00+00:00  158.310000  158.315000  158.140000  158.227000  146.461061  0.080902   0.080335   -0.000524        0.001107  158.228000  158.269000  0.000006         True               False
2025-01-07 02:30:00+00:00  146.448240  146.507876  146.418240  146.477876  158.269000 -0.074688  -0.074501    0.000202        0.000612  158.292000  158.278000  0.080655         True                True
2025-01-07 02:45:00+00:00  158.292000  158.310000  158.234000  158.278000  146.477876  0.080655   0.080559   -0.000088        0.000480  158.279000  158.221000  0.000006         True               False
2025-01-07 03:45:00+00:00  145.830733  145.860733  145.715259  145.745259  158.139000 -0.077832  -0.078372   -0.000586        0.000998  158.122000  158.091000  0.084920         True                True
2025-01-07 04:00:00+00:00  158.122000  158.153000  158.073000  158.091000  145.745259  0.084920   0.084708   -0.000196        0.000506  145.871258  145.851367 -0.077296         True                True
2025-01-07 04:15:00+00:00  145.871258  145.901258  145.821367  145.851367  158.091000 -0.077296  -0.077421   -0.000136        0.000548  158.058000  158.023000  0.083692         True                True
2025-01-07 04:30:00+00:00  158.058000  158.077000  158.017000  158.023000  145.851367  0.083692   0.083452   -0.000221        0.000380  158.023000  158.080000  0.000000         True               False
2025-01-07 06:45:00+00:00  144.860807  144.890807  144.671364  144.701364  157.772000 -0.081835  -0.082845   -0.001101        0.001517  157.754000  157.699000  0.090204         True                True
2025-01-07 07:00:00+00:00  157.754000  157.791000  157.653000  157.699000  144.701364  0.090204   0.089824   -0.000349        0.000875  144.867616  144.871935 -0.081366         True                True
2025-01-07 07:15:00+00:00  144.867616  144.901935  144.837616  144.871935  157.699000 -0.081366  -0.081339    0.000030        0.000444  157.617000  157.540000  0.087975         True                True
2025-01-07 07:30:00+00:00  157.617000  157.621000  157.509000  157.540000  144.871935  0.087975   0.087443   -0.000489        0.000711  157.544000  157.492000  0.000025         True               False
2025-01-07 08:00:00+00:00  144.660968  144.690968  144.510334  144.540334  157.492000 -0.081471  -0.082237   -0.000834        0.001250  157.427000  157.518000  0.089156         True                True
2025-01-07 08:15:00+00:00  157.427000  157.530000  157.397000  157.518000  144.540334  0.089156   0.089786    0.000578        0.000845  157.517000  157.462000 -0.000006         True               False
2025-01-07 09:00:00+00:00  144.215220  144.316242  144.185220  144.286242  157.425000 -0.083912  -0.083460    0.000492        0.000909  144.176178  144.012446 -0.000763         True               False
2025-01-07 09:45:00+00:00  157.655000  157.659000  157.497000  157.604000  143.968505  0.095066   0.094712   -0.000323        0.001029  157.603000  157.665000 -0.000006         True               False
2025-01-07 10:45:00+00:00  143.884098  143.914098  143.845127  143.875127  157.745000 -0.087869  -0.087926   -0.000062        0.000479  157.744000  157.781000  0.096395         True                True
2025-01-07 11:00:00+00:00  157.744000  157.801000  157.718000  157.781000  143.875127  0.096395   0.096652    0.000235        0.000526  143.715909  143.668598 -0.089143         True                True
2025-01-07 11:15:00+00:00  143.715909  143.745909  143.638598  143.668598  157.781000 -0.089143  -0.089443   -0.000329        0.000747  143.688379  143.570979  0.000138         True               False
2025-01-07 11:45:00+00:00  157.686000  157.723000  157.620000  157.711000  143.570979  0.098314   0.098488    0.000159        0.000653  157.710000  157.795000 -0.000006         True               False
2025-01-07 12:30:00+00:00  143.059187  143.089187  143.006039  143.036039  157.782000 -0.093311  -0.093458   -0.000162        0.000581  157.811000  157.740000  0.103295         True                True
2025-01-07 12:45:00+00:00  157.811000  157.825000  157.696000  157.740000  143.036039  0.103295   0.102799   -0.000450        0.000818  157.739000  157.616000 -0.000006         True               False
2025-01-07 13:15:00+00:00  142.923255  142.953255  142.750580  142.780580  157.616000 -0.093219  -0.094124   -0.000998        0.001420  157.652000  157.680000  0.104156         True                True
2025-01-07 13:30:00+00:00  157.652000  157.715000  157.627000  157.680000  142.780580  0.104156   0.104352    0.000178        0.000558  157.680000  157.667000  0.000000         True               False
2025-01-07 14:45:00+00:00  142.986820  143.016820  142.739715  142.769715  157.794000 -0.093839  -0.095215   -0.001518        0.001941  142.674237  142.563299 -0.000669         True               False
2025-01-07 15:15:00+00:00  158.329000  158.339000  158.118000  158.173000  142.563299  0.110587   0.109493   -0.000985        0.001398  158.172000  158.112000 -0.000006         True               False
2025-01-07 16:15:00+00:00  142.863485  142.893485  142.767294  142.797294  157.980000 -0.095686  -0.096105   -0.000463        0.000884  158.003000  157.794000  0.106485         True                True
2025-01-07 16:30:00+00:00  158.003000  158.024000  157.619000  157.794000  142.797294  0.106485   0.105021   -0.001323        0.002569  157.793000  157.832000 -0.000006         True               False
2025-01-07 17:15:00+00:00  142.854157  142.910594  142.824157  142.880594  157.846000 -0.094978  -0.094810    0.000185        0.000605  157.768000  157.679000  0.104195         True                True
2025-01-07 17:30:00+00:00  157.768000  157.768000  157.622000  157.679000  142.880594  0.104195   0.103572   -0.000564        0.000926  157.680000  157.693000  0.000006         True               False
2025-01-07 18:15:00+00:00  142.478454  142.508454  142.212670  142.242670  157.743000 -0.096768  -0.098263   -0.001655        0.002080  157.687000  157.881000  0.108577         True                True
2025-01-07 18:30:00+00:00  157.687000  157.914000  157.682000  157.881000  142.242670  0.108577   0.109941    0.001230        0.001471  157.882000  157.841000  0.000006         True               False
2025-01-07 19:00:00+00:00  142.698979  142.728979  142.622810  142.652810  157.841000 -0.095932  -0.096225   -0.000324        0.000744  157.796000  157.781000  0.106154         True                True
2025-01-07 19:15:00+00:00  157.796000  157.837000  157.770000  157.781000  142.652810  0.106154   0.106049   -0.000095        0.000425  157.780000  157.779000 -0.000006         True               False
2025-01-07 20:45:00+00:00  142.896707  142.969066  142.866707  142.939066  157.796000 -0.094421  -0.094153    0.000296        0.000716  142.940586  143.028860  0.000011         True               False
2025-01-07 21:30:00+00:00  157.966000  158.052000  157.965000  158.034000  143.024124  0.104471   0.104946    0.000430        0.000551  158.034000  158.012000  0.000000         True               False
2025-01-07 22:30:00+00:00  143.339865  143.375303  143.309865  143.345303  157.998000 -0.092774  -0.092740    0.000038        0.000457  158.027000  158.019000  0.102422         True                True
2025-01-07 22:45:00+00:00  158.027000  158.044000  158.016000  158.019000  143.345303  0.102422   0.102366   -0.000051        0.000177  158.034000  158.165000  0.000095         True               False
2025-01-07 23:30:00+00:00  143.105961  143.135961  143.063825  143.093825  158.155000 -0.095154  -0.095230   -0.000085        0.000504  158.189000  158.223000  0.105491         True                True
2025-01-07 23:45:00+00:00  158.189000  158.239000  158.140000  158.223000  143.093825  0.105491   0.105729    0.000215        0.000626  158.220000  158.131000 -0.000019         True               False
2025-01-08 00:15:00+00:00  143.081041  143.111041  143.048716  143.078716  158.131000 -0.095174  -0.095189   -0.000016        0.000436  157.962000  158.009000  0.104022         True                True
2025-01-08 00:30:00+00:00  157.962000  158.021000  157.898000  158.009000  143.078716  0.104022   0.104350    0.000298        0.000779  142.889246  142.800350 -0.095689         True                True
2025-01-08 00:45:00+00:00  142.889246  142.919246  142.770350  142.800350  158.009000 -0.095689  -0.096252   -0.000622        0.001043  158.167000  158.017000  0.107609         True                True
2025-01-08 01:00:00+00:00  158.167000  158.170000  157.990000  158.017000  142.800350  0.107609   0.106559   -0.000948        0.001139  158.017000  157.980000  0.000000         True               False
2025-01-08 01:30:00+00:00  143.243807  143.378007  143.213807  143.348007  157.980000 -0.093279  -0.092619    0.000727        0.001147  143.448286  143.404551  0.000700         True               False
2025-01-08 02:00:00+00:00  157.969000  157.990000  157.933000  157.982000  143.404551  0.101562   0.101653    0.000082        0.000361  157.981000  158.032000 -0.000006         True               False
2025-01-08 03:00:00+00:00  143.549284  143.579284  143.467227  143.497227  158.099000 -0.092029  -0.092358   -0.000363        0.000781  143.269154  143.373803 -0.001589         True               False
2025-01-08 03:45:00+00:00  158.201000  158.204000  158.158000  158.195000  143.661807  0.101204   0.101163   -0.000038        0.000291  158.196000  158.188000  0.000006         True               False
2025-01-08 06:15:00+00:00  143.322814  143.352814  143.286829  143.316829  158.064000 -0.093261  -0.093299   -0.000042        0.000461  158.060000  158.036000  0.102871         True                True
2025-01-08 06:30:00+00:00  158.060000  158.079000  157.989000  158.036000  143.316829  0.102871   0.102704   -0.000152        0.000570  158.037000  158.048000  0.000006         True               False
2025-01-08 07:15:00+00:00  143.484605  143.514605  143.409840  143.439840  157.943000 -0.091542  -0.091825   -0.000312        0.000731  143.400123  143.342475 -0.000277         True               False
2025-01-08 07:45:00+00:00  158.030000  158.133000  158.015000  158.114000  143.342475  0.102465   0.103051    0.000532        0.000747  143.390803  143.455384 -0.093118         True                True
2025-01-08 08:00:00+00:00  143.390803  143.485384  143.360803  143.455384  158.114000 -0.093118  -0.092709    0.000450        0.000869  143.372872  143.419295 -0.000575         True               False
2025-01-08 08:30:00+00:00  158.202000  158.281000  158.169000  158.205000  143.419295  0.103073   0.103094    0.000019        0.000708  158.204000  158.246000 -0.000006         True               False
2025-01-08 09:15:00+00:00  142.926844  142.956844  142.818023  142.848023  158.078000 -0.095846  -0.096345   -0.000551        0.000972  158.147000  158.172000  0.107100         True                True
2025-01-08 09:30:00+00:00  158.147000  158.184000  158.094000  158.172000  142.848023  0.107100   0.107275    0.000158        0.000569  158.172000  158.161000  0.000000         True               False
2025-01-08 10:15:00+00:00  142.809362  142.875782  142.779362  142.845782  158.172000 -0.097126  -0.096896    0.000255        0.000675  142.914530  142.789680  0.000481         True               False
2025-01-08 10:45:00+00:00  158.305000  158.347000  158.289000  158.324000  142.789680  0.108659   0.108792    0.000120        0.000366  142.794736  142.803680 -0.098085         True                True
2025-01-08 11:00:00+00:00  142.794736  142.833680  142.764736  142.803680  158.324000 -0.098085  -0.098029    0.000063        0.000483  142.553690  142.529632 -0.001751         True               False
2025-01-08 11:30:00+00:00  158.447000  158.550000  158.447000  158.472000  142.529632  0.111678   0.111853    0.000158        0.000650  142.460776  142.398858 -0.101035         True                True
2025-01-08 11:45:00+00:00  142.460776  142.490776  142.368858  142.398858  158.472000 -0.101035  -0.101426   -0.000435        0.000856  142.479222  142.699238  0.000564         True               False
2025-01-08 12:30:00+00:00  158.447000  158.547000  158.435000  158.477000  142.501424  0.111898   0.112108    0.000189        0.000707  158.479000  158.503000  0.000013         True               False
2025-01-08 13:15:00+00:00  141.895652  141.925652  141.849838  141.879838  158.368000 -0.104013  -0.104113   -0.000111        0.000534  158.329000  158.288000  0.115937         True                True
2025-01-08 13:30:00+00:00  158.329000  158.372000  158.172000  158.288000  141.879838  0.115937   0.115648   -0.000259        0.001264  158.289000  158.219000  0.000006         True               False
2025-01-08 14:45:00+00:00  141.774228  142.015886  141.744228  141.985886  158.365000 -0.104763  -0.103426    0.001493        0.001917  158.349000  158.230000  0.115245         True                True
2025-01-08 15:00:00+00:00  158.349000  158.350000  158.226000  158.230000  141.985886  0.115245   0.114407   -0.000752        0.000784  142.132307  142.090600 -0.101736         True                True
2025-01-08 15:15:00+00:00  142.132307  142.162307  142.060600  142.090600  158.230000 -0.101736  -0.102000   -0.000293        0.000716  141.918409  141.919719 -0.001212         True               False
2025-01-08 15:45:00+00:00  158.365000  158.418000  158.337000  158.371000  141.919719  0.115877   0.115920    0.000038        0.000512  158.371000  158.400000  0.000000         True               False
2025-01-08 16:30:00+00:00  142.550083  142.580083  142.440804  142.470804  158.364000 -0.099858  -0.100359   -0.000556        0.000978  158.355000  158.320000  0.111491         True                True
2025-01-08 16:45:00+00:00  158.355000  158.414000  158.308000  158.320000  142.470804  0.111491   0.111245   -0.000221        0.000670  158.320000  158.379000  0.000000         True               False
2025-01-08 18:00:00+00:00  142.291174  142.418076  142.261174  142.388076  158.390000 -0.101640  -0.101029    0.000681        0.001103  158.429000  158.406000  0.112656         True                True
2025-01-08 18:15:00+00:00  158.429000  158.450000  158.380000  158.406000  142.388076  0.112656   0.112495   -0.000145        0.000442  158.407000  158.437000  0.000006         True               False
2025-01-08 19:00:00+00:00  143.049374  143.095445  143.019374  143.065445  158.452000 -0.097207  -0.097105    0.000112        0.000532  158.481000  158.364000  0.107752         True                True
2025-01-08 19:15:00+00:00  158.481000  158.482000  158.353000  158.364000  143.065445  0.107752   0.106934   -0.000738        0.000815  143.139649  143.094853 -0.096135         True                True
2025-01-08 19:30:00+00:00  143.139649  143.169649  143.064853  143.094853  158.364000 -0.096135  -0.096418   -0.000313        0.000733  142.988957  143.048953 -0.000740         True               False
2025-01-08 20:15:00+00:00  158.426000  158.426000  158.392000  158.420000  143.156527  0.106663   0.106621   -0.000038        0.000215  158.421000  158.343000  0.000006         True               False
2025-01-08 22:15:00+00:00  142.982962  143.108507  142.952962  143.078507  158.251000 -0.096480  -0.095876    0.000668        0.001088  143.172877  143.276155  0.000660         True               False
2025-01-08 23:00:00+00:00  158.286000  158.393000  158.284000  158.333000  143.451153  0.103414   0.103742    0.000297        0.000689  158.335000  158.343000  0.000013         True               False
2025-01-08 23:45:00+00:00  143.769831  143.856173  143.739831  143.826173  158.265000 -0.091588  -0.091232    0.000392        0.000809  158.186000  158.118000  0.099842         True                True
2025-01-09 00:00:00+00:00  158.186000  158.214000  158.099000  158.118000  143.826173  0.099842   0.099369   -0.000430        0.000727  158.119000  158.189000  0.000006         True               False
2025-01-09 03:15:00+00:00  144.057693  144.091968  144.027693  144.061968  157.971000 -0.088075  -0.088048    0.000030        0.000446  143.881023  143.861563 -0.001256         True               False
2025-01-09 03:45:00+00:00  157.953000  158.010000  157.922000  157.971000  143.861563  0.097951   0.098076    0.000114        0.000557  157.972000  157.826000  0.000006         True               False
2025-01-09 05:30:00+00:00  143.079482  143.159569  143.049482  143.129569  158.064000 -0.094800  -0.094483    0.000350        0.000770  143.179896  143.176142  0.000352         True               False
2025-01-09 06:00:00+00:00  158.057000  158.195000  158.031000  158.153000  143.176142  0.103934   0.104604    0.000607        0.001038  158.154000  158.144000  0.000006         True               False
2025-01-09 06:30:00+00:00  142.966183  143.006387  142.936183  142.976387  158.144000 -0.095975  -0.095910    0.000071        0.000491  143.284303  143.188992  0.002154         True               False
2025-01-09 07:45:00+00:00  158.037000  158.201000  158.033000  158.190000  143.057816  0.104707   0.105777    0.000968        0.001063  158.187000  158.176000 -0.000019         True               False
2025-01-09 08:45:00+00:00  142.905949  142.935949  142.738703  142.768703  158.098000 -0.096093  -0.096961   -0.000960        0.001382  142.688664  142.593938 -0.000561         True               False
2025-01-09 09:15:00+00:00  158.097000  158.114000  158.056000  158.085000  142.593938  0.108722   0.108638   -0.000076        0.000367  142.570610  142.667895 -0.098140         True                True
2025-01-09 09:30:00+00:00  142.570610  142.697895  142.540610  142.667895  158.085000 -0.098140  -0.097524    0.000682        0.001103  158.102000  158.083000  0.108182         True                True
2025-01-09 09:45:00+00:00  158.102000  158.115000  158.053000  158.083000  142.667895  0.108182   0.108049   -0.000120        0.000392  158.082000  158.030000 -0.000006         True               False
2025-01-09 10:15:00+00:00  142.389020  142.448844  142.359020  142.418844  158.030000 -0.098975  -0.098786    0.000209        0.000631  142.535075  142.732695  0.000816         True               False
2025-01-09 10:45:00+00:00  158.081000  158.090000  157.980000  157.993000  142.732695  0.107532   0.106915   -0.000557        0.000696  142.934372  142.916530 -0.095312         True                True
2025-01-09 11:00:00+00:00  142.934372  142.964372  142.886530  142.916530  157.993000 -0.095312  -0.095425   -0.000125        0.000545  142.851914  142.804718 -0.000452         True               False
2025-01-09 11:30:00+00:00  157.952000  157.973000  157.838000  157.843000  142.804718  0.106070   0.105307   -0.000690        0.000855  157.842000  157.905000 -0.000006         True               False
2025-01-09 13:00:00+00:00  142.743332  142.773332  142.655362  142.685362  157.745000 -0.095101  -0.095468   -0.000406        0.000827  157.732000  157.733000  0.105453         True                True

==============================================================================================================
SOURCE CONTAMINATION DIAGNOSIS
==============================================================================================================
Extreme >5% gaps: 227
Immediate opposite >5% reversals: 112
Reversal ratio: 49.34%
Median intrabar absolute return on extreme-gap rows: 0.0298%
Median intrabar range on extreme-gap rows: 0.0689%
Suspicious days: 9
Suspicious months: 1

FINAL DECISION: STRONG_EVIDENCE_OF_MIXED_PRICE_SERIES

複数の価格系列がraw data内で混在している可能性が非常に高いです。
return > 5% の行を単純削除してはいけません。
元CSV/sourceからhistorical datasetを再構築する必要があります。

==============================================================================================================
FIX COMPLETE
==============================================================================================================
