データ読み込み完了
総行数: 265905
期間: 2016-01-03 22:00:00+00:00 → 2026-09-01 00:00:00+00:00

ML使用可能データ: 265770

====================================
TEST YEAR: 2020
====================================
Train: 99556
Test: 24999
Train AUC: 0.6203
Test AUC: 0.5274

====================================
TEST YEAR: 2021
====================================
Train: 124555
Test: 24952
Train AUC: 0.6098
Test AUC: 0.5329

====================================
TEST YEAR: 2022
====================================
Train: 149507
Test: 24953
Train AUC: 0.6035
Test AUC: 0.528

====================================
TEST YEAR: 2023
====================================
Train: 174460
Test: 24896
Train AUC: 0.596
Test AUC: 0.5241

====================================
TEST YEAR: 2024
====================================
Train: 199356
Test: 24992
Train AUC: 0.5924
Test AUC: 0.5218

====================================
TEST YEAR: 2025
====================================
Train: 224348
Test: 24899
Train AUC: 0.5884
Test AUC: 0.5206

====================================
TEST YEAR: 2026
====================================
Train: 249247
Test: 16523
Train AUC: 0.585
Test AUC: 0.537

====================================
年間AUC
====================================
 year  train_rows  test_rows  train_auc  test_auc  auc_gap
 2020       99556      24999   0.620317  0.527393 0.092923
 2021      124555      24952   0.609820  0.532873 0.076947
 2022      149507      24953   0.603523  0.528013 0.075510
 2023      174460      24896   0.596043  0.524122 0.071920
 2024      199356      24992   0.592423  0.521792 0.070631
 2025      224348      24899   0.588446  0.520629 0.067817
 2026      249247      16523   0.584952  0.537022 0.047930

====================================
閾値結果 Cost = 0.004%
====================================
 threshold  cost_pct  trades  accuracy  avg_return       pf     max_dd     growth
      50.0     0.004   83120 50.825313   -0.003446 0.873796 -94.519978 -94.465644
      52.0     0.004   54304 52.172952   -0.003073 0.887539 -82.138956 -81.526348
      54.0     0.004   18775 55.110519   -0.000721 0.972200 -18.334979 -13.283537
      55.0     0.004    9318 57.780640    0.002533 1.105751  -3.405920  26.142943
      56.0     0.004    4634 60.725076    0.006365 1.288349  -2.414294  34.033881
      58.0     0.004    1240 66.935484    0.013544 1.676701  -1.525699  18.206792
      60.0     0.004     360 72.500000    0.022585 2.914438  -0.500378   8.458568
      62.0     0.004     123 82.926829    0.022777 6.230921  -0.185741   2.839957
      65.0     0.004      28 89.285714    0.018162 3.265540  -0.185741   0.509500

====================================
年別 × Threshold
====================================
 year  threshold  trades   accuracy  avg_return         pf     growth
 2020       50.0   12500  50.960000   -0.004069   0.831899 -40.078783
 2020       52.0    9006  52.254053   -0.003619   0.852996 -27.994855
 2020       54.0    3569  52.956010   -0.002836   0.889777  -9.734463
 2020       55.0    1680  55.297619    0.000450   1.017816   0.690391
 2020       56.0     735  56.598639    0.004320   1.181519   3.203366
 2020       58.0     132  59.848485    0.013209   1.551814   1.753594
 2020       60.0      18  66.666667    0.048570   6.741675   0.877155
 2021       50.0   12480  50.432692   -0.003610   0.804763 -36.366446
 2021       52.0    8409  52.515162   -0.003003   0.838085 -22.396568
 2021       54.0    2825  56.318584   -0.000538   0.966268  -1.541663
 2021       55.0    1480  58.986486    0.001839   1.127986   2.743564
 2021       56.0     793  60.907945    0.003077   1.238916   2.462839
 2021       58.0     189  66.137566    0.006298   1.489529   1.195153
 2021       60.0      37  62.162162    0.002822   1.205660   0.104130
 2021       62.0       2 100.000000    0.019523        inf   0.039049
 2022       50.0   12479  50.717205   -0.005375   0.839468 -49.232267
 2022       52.0    8807  51.970024   -0.004080   0.878137 -30.572789
 2022       54.0    3405  55.154185   -0.000602   0.981162  -2.244410
 2022       55.0    1815  57.520661    0.001950   1.061283   3.449278
 2022       56.0     890  58.764045    0.006388   1.206080   5.747548
 2022       58.0     216  65.277778    0.018538   1.571224   4.047305
 2022       60.0      45  68.888889    0.032680   2.454133   1.477728
 2022       62.0       4  75.000000    0.063720  30.971343   0.255054
 2023       50.0   12449  51.482047   -0.003345   0.891393 -34.401944
 2023       52.0    8338  51.715040   -0.003837   0.877858 -27.643948
 2023       54.0    2838  55.532065    0.000163   1.005684   0.345928
 2023       55.0    1404  56.980057    0.001192   1.044608   1.635064
 2023       56.0     731  59.781122    0.005938   1.241905   4.405482
 2023       58.0     209  65.550239    0.012653   1.590438   2.670941
 2023       60.0      50  66.000000    0.014478   1.773649   0.724543
 2023       62.0      14  78.571429    0.024379  14.707511   0.341801
 2023       65.0       1 100.000000    0.019877        inf   0.019877
 2024       50.0   12498  50.568091   -0.003274   0.892091 -33.955039
 2024       52.0    7786  52.774210   -0.001736   0.941119 -12.941251
 2024       54.0    2534  55.603788   -0.000624   0.978026  -1.675822
 2024       55.0    1272  58.569182    0.003188   1.122452   4.082616
 2024       56.0     630  64.920635    0.012129   1.596264   7.915351
 2024       58.0     176  71.022727    0.015841   1.910256   2.819708
 2024       60.0      68  82.352941    0.029310   6.073321   2.011662
 2024       62.0      39  89.743590    0.030252  10.550493   1.186298
 2024       65.0       7  85.714286    0.029179  14.218302   0.204408
 2025       50.0   12452  50.738837   -0.002434   0.921095 -26.495782
 2025       52.0    7367  51.119859   -0.003504   0.887048 -22.959899
 2025       54.0    2279  54.102677    0.000417   1.015180   0.876042
 2025       55.0     999  57.357357    0.006405   1.295795   6.576464
 2025       56.0     463  61.339093    0.009110   1.394118   4.287725
 2025       58.0     138  63.768116    0.011206   1.564543   1.553329
 2025       60.0      45  55.555556    0.011008   1.760831   0.495588
 2025       62.0      16  68.750000    0.008988   2.419180   0.143860
 2025       65.0       2 100.000000    0.008161 122.648667   0.016322
 2026       50.0    8262  50.907771   -0.001280   0.938416 -10.222073
 2026       52.0    4591  53.278153   -0.000386   0.980568  -1.876177
 2026       54.0    1325  58.113208    0.000242   1.012562   0.285323
 2026       55.0     668  62.874251    0.006676   1.471407   4.546565
 2026       56.0     392  66.836735    0.005092   1.360209   2.010367
 2026       58.0     180  75.000000    0.015988   2.486023   2.916274
 2026       60.0      97  83.505155    0.025454   5.141653   2.498186
 2026       62.0      48  83.333333    0.017556   4.038897   0.845872
 2026       65.0      18  88.888889    0.014893   2.283439   0.268170

====================================
年安定性
====================================
 threshold  years  positive_years  pf_above_1_years  median_pf  mean_pf  median_return
      50.0      7               0                 0   0.891393 0.874161      -0.003345
      52.0      7               0                 0   0.878137 0.893687      -0.003504
      54.0      7               3                 3   0.981162 0.978380      -0.000538
      55.0      7               7                 7   1.122452 1.163050       0.001950
      56.0      7               7                 7   1.241905 1.317002       0.005938
      58.0      7               7                 7   1.571224 1.737690       0.013209
      60.0      7               7                 7   2.454133 3.592989       0.025454
      62.0      6               6                 6  12.629002      inf       0.021951
      65.0      4               4                 4  68.433485      inf       0.017385

====================================
BUY / SELL
====================================
side  threshold  trades   accuracy  avg_return        pf     growth
 BUY       50.0   45555  52.709911   -0.002965  0.894604 -74.551662
 BUY       52.0   28408  53.706702   -0.002893  0.900857 -56.571064
 BUY       54.0    9762  56.412620    0.000216  1.007741   1.691773
 BUY       55.0    4434  58.750564    0.003719  1.141000  17.671279
 BUY       56.0    1979  61.798888    0.007951  1.317036  16.920835
 BUY       58.0     461  67.895879    0.020224  1.806044   9.719851
 BUY       60.0     154  72.077922    0.030131  3.425425   4.742256
 BUY       62.0      60  81.666667    0.022273  4.426360   1.344597
 BUY       65.0      15  80.000000    0.006983  1.466677   0.104566
SELL       50.0   50534  49.523093   -0.003982  0.848373 -86.840294
SELL       52.0   27971  50.820493   -0.003194  0.874492 -59.439305
SELL       54.0    9178  53.933319   -0.001343  0.943238 -11.858198
SELL       55.0    4962  57.093914    0.001978  1.091479  10.113733
SELL       56.0    2691  60.126347    0.006091  1.308948  17.668029
SELL       58.0     783  66.411239    0.009724  1.574309   7.888682
SELL       60.0     207  72.946860    0.016993  2.507243   3.576309
SELL       62.0      63  84.126984    0.023257 11.066730   1.475520
SELL       65.0      13 100.000000    0.031060       inf   0.404510

====================================
2026年のみ
====================================
 year  threshold  trades  accuracy  avg_return       pf     growth
 2026       50.0    8262 50.907771   -0.001280 0.938416 -10.222073
 2026       52.0    4591 53.278153   -0.000386 0.980568  -1.876177
 2026       54.0    1325 58.113208    0.000242 1.012562   0.285323
 2026       55.0     668 62.874251    0.006676 1.471407   4.546565
 2026       56.0     392 66.836735    0.005092 1.360209   2.010367
 2026       58.0     180 75.000000    0.015988 2.486023   2.916274
 2026       60.0      97 83.505155    0.025454 5.141653   2.498186
 2026       62.0      48 83.333333    0.017556 4.038897   0.845872
 2026       65.0      18 88.888889    0.014893 2.283439   0.268170

====================================
Cost Stress Test
====================================
 threshold  cost_pct  trades  accuracy  avg_return       pf     growth
      50.0     0.000   83120  0.508253    0.000554 1.021912  53.826541
      50.0     0.002   83120  0.508253   -0.001446 0.944957 -70.821941
      50.0     0.004   83120  0.508253   -0.003446 0.873796 -94.465644
      50.0     0.006   83120  0.508253   -0.005446 0.808067 -98.950305
      52.0     0.000   54304  0.521730    0.000927 1.036562  62.151394
      52.0     0.002   54304  0.521730   -0.001073 0.959231 -45.267984
      52.0     0.004   54304  0.521730   -0.003073 0.887539 -81.526348
      52.0     0.006   54304  0.521730   -0.005073 0.821159 -93.764739
      54.0     0.000   18775  0.551105    0.003279 1.136132  83.760764
      54.0     0.002   18775  0.551105    0.001279 1.051159  26.234715
      54.0     0.004   18775  0.551105   -0.000721 0.972200 -13.283537
      54.0     0.006   18775  0.551105   -0.002721 0.898975 -40.430899
      55.0     0.000    9318  0.577806    0.006533 1.294376  83.115874
      55.0     0.002    9318  0.577806    0.004533 1.196654  51.983096
      55.0     0.004    9318  0.577806    0.002533 1.105751  26.142943
      55.0     0.006    9318  0.577806    0.000533 1.021416   4.695741
      56.0     0.000    4634  0.607251    0.010365 1.507409  61.327631
      56.0     0.002    4634  0.607251    0.008365 1.394065  47.049001
      56.0     0.004    4634  0.607251    0.006365 1.288349  34.033881
      56.0     0.006    4634  0.607251    0.004365 1.190009  22.170487
      58.0     0.000    1240  0.669355    0.017544 1.942997  24.216735
      58.0     0.002    1240  0.669355    0.015544 1.806118  21.174540
      58.0     0.004    1240  0.669355    0.013544 1.676701  18.206792
      58.0     0.006    1240  0.669355    0.011544 1.555160  15.311671
      60.0     0.000     360  0.725000    0.026585 3.501861  10.031282
      60.0     0.002     360  0.725000    0.024585 3.198101   9.242102
      60.0     0.004     360  0.725000    0.022585 2.914438   8.458568
      60.0     0.006     360  0.725000    0.020585 2.651437   7.680637
      62.0     0.000     123  0.829268    0.026777 8.373987   3.347050
      62.0     0.002     123  0.829268    0.024777 7.236752   3.093194
      62.0     0.004     123  0.829268    0.022777 6.230921   2.839957
      62.0     0.006     123  0.829268    0.020777 5.313186   2.587337
      65.0     0.000      28  0.892857    0.022162 3.922495   0.622111
      65.0     0.002      28  0.892857    0.020162 3.585686   0.565790
      65.0     0.004      28  0.892857    0.018162 3.265540   0.509500
      65.0     0.006      28  0.892857    0.016162 2.939497   0.453240

====================================
YEAR × THRESHOLD PF
====================================
threshold      0.50      0.52      0.54      0.55      0.56      0.58      0.60       0.62        0.65
year
2020       0.831899  0.852996  0.889777  1.017816  1.181519  1.551814  6.741675        NaN         NaN
2021       0.804763  0.838085  0.966268  1.127986  1.238916  1.489529  1.205660        inf         NaN
2022       0.839468  0.878137  0.981162  1.061283  1.206080  1.571224  2.454133  30.971343         NaN
2023       0.891393  0.877858  1.005684  1.044608  1.241905  1.590438  1.773649  14.707511         inf
2024       0.892091  0.941119  0.978026  1.122452  1.596264  1.910256  6.073321  10.550493   14.218302
2025       0.921095  0.887048  1.015180  1.295795  1.394118  1.564543  1.760831   2.419180  122.648667
2026       0.938416  0.980568  1.012562  1.471407  1.360209  2.486023  5.141653   4.038897    2.283439

[USER_HOME]\AppData\Local\Temp\ipykernel_25008\1110093377.py:1975: UserWarning: FigureCanvasAgg is non-interactive, and thus cannot be shown
  plt.show()
[USER_HOME]\AppData\Local\Temp\ipykernel_25008\1110093377.py:2015: UserWarning: FigureCanvasAgg is non-interactive, and thus cannot be shown
  plt.show()


====================================
検証終了
====================================
[USER_HOME]\15m_confidence_robustness

特に見る場所:
1. 年安定性
2. 2026年のみ
3. YEAR × THRESHOLD PF
4. BUY / SELL
5. Cost Stress Test
