方向AI評価対象数: 802

==============================
方向AI 単体性能
==============================
Direction ROC-AUC: 0.5636
Brier Score: 0.2496
Direction Accuracy: 53.12 %

==============================
予測確率帯ごとの実績
==============================
            count  actual_up_rate  avg_future_return
prob_group
0-40%          84       48.809524           0.000126
40-45%         68       41.176471          -0.032925
45-50%        157       43.949045          -0.021747
50-55%        183       44.808743          -0.029433
55-60%        165       50.909091          -0.014351
60-65%        105       55.238095          -0.000797
65-70%         33       75.757576           0.040148
70-75%          5       80.000000           0.056231
75-100%         2      100.000000           0.076470

==============================
BUY確率別分析
==============================
   threshold  trades    win_rate  average_return
0       0.55     310   55.806452       -0.002234
1       0.60     145   61.379310        0.011553
2       0.65      40   77.500000        0.043974
3       0.70       7   85.714286        0.062013
4       0.75       2  100.000000        0.076470

==============================
SELL確率別分析
==============================
   threshold  trades   win_rate  average_return
0       0.55     152  54.605263        0.014660
1       0.60      84  51.190476       -0.000126
2       0.65      38  44.736842       -0.011897
3       0.70      10  50.000000        0.003293
4       0.75       1   0.000000       -0.050802

==============================
レジーム別方向AI性能
==============================
       regime  samples       auc   accuracy  buy_trades  buy_win_rate  \
0    HIGH_VOL      401  0.616337  54.114713          72     62.500000
1     LOW_VOL      401  0.533635  52.119701          73     60.273973
2       TREND      401  0.628507  55.112219          97     64.948454
3       RANGE      401  0.521051  51.122195          48     54.166667
4    UP_TREND      331  0.589732  57.401813          93     59.139785
5  DOWN_TREND      471  0.536941  50.106157          52     65.384615

   buy_avg_return  sell_trades  sell_win_rate  sell_avg_return
0        0.009329            6      83.333333         0.064527
1        0.013747           78      48.717949        -0.005099
2        0.014750            6      83.333333         0.065854
3        0.005094           78      48.717949        -0.005201
4        0.010594           37      59.459459         0.012283
5        0.013269           47      44.680851        -0.009895

==============================
確率校正
==============================
                 count  mean_predicted_prob  actual_up_rate
calibration_bin
(0.246, 0.395]      81            34.532836       48.148148
(0.395, 0.453]      80            42.631146       43.750000
(0.453, 0.482]      80            46.779358       36.250000
(0.482, 0.503]      80            49.261420       52.500000
(0.503, 0.526]      80            51.420582       46.250000
(0.526, 0.548]      80            53.633607       40.000000
(0.548, 0.568]      80            55.685704       48.750000
(0.568, 0.592]      80            58.055426       53.750000
(0.592, 0.625]      80            60.933809       56.250000
(0.625, 0.772]      81            65.965572       64.197531

<Figure size 800x600 with 1 Axes>

==============================
Walk-Forward Direction Diagnosis
==============================
   fold  train_samples  test_samples       auc   accuracy  buy_trades  \
0     1            234           538  0.440092  44.981413         191
1     2            772           222  0.647983  63.513514          41
2     3            994           872  0.455867  48.509174         267
3     4           1862           570  0.663743  61.754386          74
4     5           2436           625  0.538016  54.240000         108

   buy_win_rate  buy_avg_return  sell_trades  sell_win_rate  sell_avg_return
0     51.308901       -0.020399           35      37.142857        -0.030370
1     70.731707        0.041541           34      58.823529         0.019924
2     52.059925       -0.038818          193      32.642487        -0.025077
3     64.864865        0.013652           66      74.242424         0.054439
4     51.851852       -0.006138           74      44.594595        -0.004527

==============================
方向AI Walk-Forward平均
==============================
平均AUC: 0.5491
平均Accuracy: 54.6 %
平均BUY勝率: 58.16 %
平均BUYリターン: -0.002 %
平均SELL勝率: 49.49 %
平均SELLリターン: 0.0029 %

<Figure size 1000x500 with 1 Axes>
